2000 α=0.5 
-11.000000 11.000000
-11.000000 11.000000
-11.000000 11.000000
RCUBE(5.000000e-01) -1.973479e+00 -1.752566e+00 -6.907863e-01 0.968192 -0.237619 0.078369 -0.113114 -0.136295 0.984189 -0.223181 -0.961749 -0.158838  4.545528e-01 4.084465e-01 5.372956e-01
RCUBE(5.000000e-01) -1.992393e+00 -5.112273e+00 -9.514298e-01 0.291580 0.875465 0.385411 -0.945123 0.325761 -0.024944 -0.147389 -0.356988 0.922408  5.886342e-01 3.188826e-01 5.169008e-01
RCUBE(5.000000e-01) 5.297751e-01 -3.810069e+00 -6.551530e+00 -0.256574 -0.861579 0.438009 0.963888 -0.194638 0.181760 -0.071347 0.468826 0.880404  6.746631e-01 3.332470e-01 4.159470e-01
RCUBE(5.000000e-01) -3.564097e+00 2.878567e+00 1.237102e-01 -0.764409 0.642140 0.057752 0.241341 0.368052 -0.897938 -0.597858 -0.672454 -0.436317  3.884930e-01 2.477164e-01 6.307935e-01
RCUBE(5.000000e-01) 3.945567e-01 3.026448e-01 6.586484e+00 0.019066 -0.024992 0.999506 0.381740 0.924134 0.015826 -0.924073 0.381250 0.027160  3.163805e-01 3.184202e-01 6.839043e-01
RCUBE(5.000000e-01) 3.847114e+00 5.231428e+00 -1.133621e+00 0.345753 -0.627530 -0.697611 0.571101 0.730636 -0.374185 0.744512 -0.269031 0.611003  3.996341e-01 3.788903e-01 3.279117e-01
RCUBE(5.000000e-01) -3.805817e-01 6.422189e+00 4.030532e+00 -0.015808 0.496281 -0.868018 -0.032893 0.867399 0.496526 0.999334 0.036401 0.002612  7.854090e-01 2.567376e-01 2.768261e-01
RCUBE(5.000000e-01) 2.900638e+00 7.063903e-01 -2.203966e+00 -0.156968 -0.669170 -0.726342 0.607762 0.514254 -0.605118 0.778451 -0.536428 0.325974  4.570166e-01 3.135199e-01 3.918928e-01
RCUBE(5.000000e-01) -3.886684e+00 8.223207e-01 -5.262834e+00 -0.493828 -0.845828 0.201762 -0.610105 0.502357 0.612707 -0.619601 0.179476 -0.764122  2.328738e-01 5.478132e-01 4.206233e-01
RCUBE(5.000000e-01) 3.453805e+00 -1.186602e+00 1.219615e-01 -0.019349 0.860526 0.509039 0.978187 -0.089027 0.187681 0.206823 0.501567 -0.840032  7.399622e-01 3.778971e-01 2.529112e-01
RCUBE(5.000000e-01) -3.184510e+00 -1.702137e+00 5.777381e-01 0.019739 -0.557074 -0.830228 0.153378 0.822248 -0.548073 0.987970 -0.116520 0.101673  8.001281e-01 2.550481e-01 3.100053e-01
RCUBE(5.000000e-01) -3.529119e+00 -2.178493e+00 3.796658e+00 -0.633576 -0.572040 0.520914 0.773553 -0.480568 0.413122 0.014012 0.664699 0.746980  4.493234e-01 3.200994e-01 4.135617e-01
RCUBE(5.000000e-01) 6.413113e+00 -1.172776e+00 -8.597323e-01 -0.012799 0.491525 -0.870770 0.982147 0.169632 0.081317 0.187680 -0.854183 -0.484920  7.362959e-01 2.646053e-01 3.760469e-01
RCUBE(5.000000e-01) 3.017685e+00 1.643741e+00 -6.778462e+00 -0.418711 -0.203354 0.885058 -0.264629 -0.904986 -0.333125 0.868707 -0.373696 0.325114  4.302125e-01 5.346321e-01 4.789723e-01
RCUBE(5.000000e-01) -4.014778e+00 -1.324522e-01 5.238019e+00 -0.545650 0.037574 0.837170 -0.609739 -0.703112 -0.365858 0.574878 -0.710086 0.406563  2.050068e-01 3.513057e-01 5.368601e-01
RCUBE(5.000000e-01) -3.678202e+00 3.510970e-01 2.733396e+00 -0.573024 0.280289 0.770118 0.605657 0.777889 0.167535 -0.552108 0.562429 -0.615509  2.488710e-01 4.548039e-01 4.442634e-01
RCUBE(5.000000e-01) -6.989190e+00 1.150760e+00 2.741934e+00 0.359021 0.830796 0.425301 0.903944 -0.196074 -0.380054 -0.232357 0.520896 -0.821388  5.885614e-01 4.121005e-01 3.867193e-01
RCUBE(5.000000e-01) 2.805393e+00 -2.422916e+00 2.782050e+00 -0.349136 0.439990 -0.827353 0.904010 0.390608 -0.173758 0.246720 -0.808600 -0.534131  5.953903e-01 3.651389e-01 4.151978e-01
RCUBE(5.000000e-01) 5.931227e+00 2.693941e+00 3.924433e+00 0.780132 0.351971 0.517214 -0.177597 -0.668125 0.722543 0.599878 -0.655534 -0.458717  4.536074e-01 3.275174e-01 3.697362e-01
RCUBE(5.000000e-01) -1.293069e+00 -3.285731e+00 5.551231e+00 0.975601 -0.212629 -0.054698 -0.208979 -0.822955 -0.528274 0.067313 0.526815 -0.847311  7.494557e-01 2.192907e-01 3.733744e-01
RCUBE(5.000000e-01) -2.112919e-01 -3.858552e-01 -1.517282e+00 0.958576 -0.229939 0.168107 0.283931 0.724362 -0.628238 0.022686 0.649945 0.759643  7.614453e-01 2.052527e-01 3.163094e-01
RCUBE(5.000000e-01) -4.635425e-01 -1.818725e+00 -7.354555e+00 0.004300 -0.234265 -0.972163 0.996915 -0.075184 0.022527 -0.078368 -0.969261 0.233219  5.563573e-01 3.528749e-01 4.045094e-01
RCUBE(5.000000e-01) 6.817632e-01 2.122431e-01 -6.549083e+00 -0.614546 -0.781669 -0.106433 0.205866 -0.028664 -0.978160 0.761546 -0.623035 0.178535  1.906787e-01 3.008578e-01 8.110572e-01
RCUBE(5.000000e-01) 3.476905e-01 1.637261e+00 -3.382376e+00 -0.580730 -0.701517 0.413070 0.762051 -0.289922 0.578985 -0.286410 0.651014 0.702958  4.264150e-01 3.357883e-01 3.380346e-01
RCUBE(5.000000e-01) -4.180763e-01 3.330736e+00 -3.123913e+00 -0.622885 0.500664 0.601124 0.185535 -0.651931 0.735230 0.759994 0.569493 0.313187  4.339801e-01 2.970319e-01 4.037711e-01
RCUBE(5.000000e-01) 1.164000e+00 -4.633174e+00 -5.888746e+00 -0.331121 -0.777329 0.534900 -0.060227 0.583133 0.810141 -0.941664 0.236039 -0.239904  6.932255e-01 2.723942e-01 3.787747e-01
RCUBE(5.000000e-01) -4.849704e+00 -1.704436e+00 4.136268e+00 -0.696602 -0.250825 0.672185 0.633074 -0.655727 0.411386 0.337584 0.712116 0.615572  3.580888e-01 3.741320e-01 3.230871e-01
RCUBE(5.000000e-01) -5.377123e-01 3.625951e-01 -6.552765e+00 -0.716168 0.697735 -0.016421 -0.694150 -0.709649 0.120640 0.072521 0.097797 0.992560  1.969924e-01 1.747723e-01 9.018829e-01
RCUBE(5.000000e-01) 5.286862e-01 -2.228065e+00 2.717663e+00 -0.304847 0.722740 -0.620254 -0.110639 0.619970 0.776786 0.945953 0.305425 -0.109033  7.253010e-01 1.715581e-01 3.571301e-01
RCUBE(5.000000e-01) -3.692704e+00 4.933673e+00 2.383402e+00 0.084336 -0.453681 0.887165 0.807261 0.553047 0.206078 -0.584137 0.698794 0.412881  4.473486e-01 1.544205e-01 6.008788e-01
RCUBE(5.000000e-01) 1.402164e+00 3.841099e+00 -2.124695e+00 -0.436894 -0.711074 0.550906 -0.406148 0.702406 0.584525 -0.802600 0.031626 -0.595678  4.885097e-01 3.638590e-01 2.538129e-01
RCUBE(5.000000e-01) -6.161261e+00 -1.707358e+00 4.108515e+00 -0.272372 -0.691127 -0.669446 -0.533656 0.687441 -0.492581 0.800641 0.223088 -0.556063  4.832778e-01 3.504133e-01 2.869473e-01
RCUBE(5.000000e-01) -2.484135e-01 -2.688098e+00 6.803961e-02 -0.982700 0.161526 -0.090607 0.147184 0.384169 -0.911455 -0.112416 -0.909023 -0.401297  6.632196e-01 3.729967e-01 3.880273e-01
RCUBE(5.000000e-01) -4.986317e-01 -4.966582e-01 -4.568258e+00 0.340078 0.927781 -0.153525 0.122798 -0.205669 -0.970887 -0.932345 0.311325 -0.183873  4.395099e-01 4.160420e-01 5.930810e-01
RCUBE(5.000000e-01) 2.527117e+00 2.272285e+00 5.658342e+00 0.769676 -0.614956 -0.171545 -0.515109 -0.439420 -0.735916 0.377176 0.654782 -0.654980  4.382770e-01 2.729723e-01 3.891208e-01
RCUBE(5.000000e-01) 4.279704e+00 -1.754544e+00 -6.012639e+00 0.637412 -0.463984 0.615162 -0.541041 0.298929 0.786076 -0.548617 -0.833883 -0.060494  1.991915e-01 5.252170e-01 4.479774e-01
RCUBE(5.000000e-01) 2.735037e+00 5.077140e+00 4.958230e+00 0.365320 0.661311 0.655140 -0.930822 0.251515 0.265162 0.010577 -0.706688 0.707446  7.006806e-01 2.958177e-01 2.934708e-01
RCUBE(5.000000e-01) -3.210627e+00 1.470731e+00 6.727591e+00 -0.536774 0.711210 -0.453932 0.719209 0.666995 0.194569 0.441149 -0.222032 -0.869534  3.173287e-01 3.064467e-01 5.812288e-01
RCUBE(5.000000e-01) -8.573462e-01 -1.640393e-01 1.538847e+00 0.025065 0.744955 0.666643 0.568294 0.538003 -0.622571 -0.822444 0.394454 -0.409868  5.133623e-01 3.970848e-01 3.143868e-01
RCUBE(5.000000e-01) 1.995822e+00 -6.119290e+00 -1.451167e+00 0.281267 0.364776 -0.887596 0.853262 0.328186 0.405262 0.439126 -0.871339 -0.218942  4.277449e-01 4.770949e-01 5.192736e-01
RCUBE(5.000000e-01) -4.888304e+00 -7.741481e-01 -2.719566e+00 -0.262796 0.937749 0.227081 -0.951291 -0.212504 -0.223356 -0.161196 -0.274717 0.947917  5.121302e-01 4.543897e-01 4.985194e-01
RCUBE(5.000000e-01) -3.709098e+00 5.271917e+00 1.388930e+00 -0.730968 -0.641911 -0.231597 0.681581 -0.703489 -0.201371 -0.033664 -0.305048 0.951742  2.883402e-01 2.001462e-01 7.484046e-01
RCUBE(5.000000e-01) -6.950251e+00 2.771330e+00 1.354662e+00 0.012681 0.444073 -0.895901 0.409465 0.815099 0.409818 0.912237 -0.372037 -0.171497  5.762189e-01 2.611417e-01 5.338103e-01
RCUBE(5.000000e-01) 2.607778e+00 3.019861e+00 -3.897260e+00 0.539977 0.586437 -0.603752 0.309653 -0.805423 -0.505380 -0.782649 0.085939 -0.616502  4.534423e-01 4.875442e-01 2.589015e-01
RCUBE(5.000000e-01) -1.550853e+00 -3.498045e+00 -6.556788e+00 0.344405 0.810850 -0.473188 0.167860 0.442716 0.880809 0.923693 -0.382785 0.016364  6.104328e-01 2.551437e-01 4.997209e-01
RCUBE(5.000000e-01) 5.598390e+00 -3.427272e+00 5.036564e-01 0.810908 -0.524781 -0.258907 0.078514 -0.340871 0.936826 -0.579882 -0.780008 -0.235213  3.819494e-01 2.857439e-01 6.807886e-01
RCUBE(5.000000e-01) 1.974049e-01 -1.599004e+00 -5.365753e+00 0.073372 -0.964995 0.251796 -0.129114 0.241161 0.961858 -0.988912 -0.103084 -0.106900  5.561325e-01 4.286699e-01 4.028655e-01
RCUBE(5.000000e-01) 2.018030e+00 -1.435378e-01 -7.325457e+00 -0.817369 0.515275 -0.257682 0.276330 -0.041824 -0.960152 -0.505520 -0.856004 -0.108200  2.327228e-01 4.160930e-01 7.046218e-01
RCUBE(5.000000e-01) -3.625795e+00 -2.596468e+00 -4.792313e+00 -0.320228 -0.822965 0.469236 0.927817 -0.172413 0.330801 -0.191335 0.541297 0.818772  6.421781e-01 3.790601e-01 3.665500e-01
RCUBE(5.000000e-01) 6.047209e+00 -2.315566e+00 -1.243831e+00 -0.048732 0.417062 -0.907571 -0.851616 0.457436 0.255936 0.521897 0.785374 0.332885  4.713583e-01 2.807760e-01 6.020277e-01
RCUBE(5.000000e-01) 5.122027e+00 -1.061214e+00 1.999958e+00 -0.929559 0.154927 -0.334540 -0.176357 0.610004 0.772524 0.323755 0.777105 -0.539712  6.760816e-01 3.317644e-01 3.188462e-01
RCUBE(5.000000e-01) 3.800915e+00 9.364304e-01 -4.032877e+00 0.148743 0.947609 0.282690 0.778883 -0.288400 0.556927 0.609276 0.137343 -0.780973  3.084746e-01 7.159211e-01 3.151823e-01
RCUBE(5.000000e-01) -2.692346e+00 6.207878e-01 7.072144e+00 -0.349695 0.072590 0.934047 0.609463 -0.739566 0.285651 0.711525 0.669158 0.214382  2.325975e-01 3.104965e-01 7.035477e-01
RCUBE(5.000000e-01) 4.902444e+00 -2.720565e+00 7.638728e-01 0.581127 0.790752 0.192361 -0.109513 0.310205 -0.944341 -0.806411 0.527715 0.266866  3.573619e-01 3.067292e-01 6.964810e-01
RCUBE(5.000000e-01) 6.746815e+00 2.299887e+00 -2.626637e+00 -0.462466 0.233744 -0.855272 -0.177646 0.920636 0.347665 0.868659 0.312718 -0.384239  4.436429e-01 5.861901e-01 4.022673e-01
RCUBE(5.000000e-01) 1.609478e-01 1.204014e+00 -6.488998e+00 0.226821 0.037138 -0.973228 -0.770400 0.618191 -0.155960 0.595849 0.785150 0.168830  2.380526e-01 3.035268e-01 7.902093e-01
RCUBE(5.000000e-01) 6.241106e+00 1.171319e+00 4.183941e+00 0.814275 0.164629 0.556645 0.296917 0.705875 -0.643103 -0.498795 0.688940 0.525895  5.035921e-01 3.635838e-01 2.458089e-01
RCUBE(5.000000e-01) -1.271447e+00 3.885782e+00 2.176122e+00 0.075145 0.953836 0.290776 0.400823 0.238114 -0.884671 -0.913069 0.183029 -0.364426  4.766400e-01 6.092563e-01 3.566132e-01
RCUBE(5.000000e-01) 7.381700e+00 1.471756e+00 -7.494979e-01 0.123122 -0.901291 -0.415351 -0.156389 0.395684 -0.904973 0.979991 0.176379 -0.092235  6.684658e-01 3.692829e-01 3.904621e-01
RCUBE(5.000000e-01) -5.648080e+00 1.833509e+00 -2.888993e+00 0.485423 0.782426 -0.390094 0.785990 -0.195160 0.586628 0.382862 -0.591373 -0.709714  4.433681e-01 4.374577e-01 3.094289e-01
RCUBE(5.000000e-01) -5.680458e-01 -4.304305e+00 -1.507224e+00 0.962246 -0.266531 0.055172 0.221140 0.883746 0.412419 -0.158680 -0.384648 0.909322  6.334834e-01 3.406793e-01 4.587577e-01
RCUBE(5.000000e-01) -3.114086e+00 -6.716547e+00 1.359685e+00 -0.843720 0.170870 -0.508861 -0.431838 -0.779133 0.454387 -0.318829 0.603121 0.731158  5.262396e-01 4.086342e-01 3.119964e-01
RCUBE(5.000000e-01) 4.105913e+00 -9.209260e-01 1.774869e+00 -0.234203 -0.674245 0.700388 -0.054405 0.728385 0.683004 -0.970664 0.121857 -0.207273  8.046700e-01 2.693068e-01 2.082515e-01
RCUBE(5.000000e-01) -4.730356e+00 2.844970e+00 -6.754590e-01 0.528386 0.767413 0.363160 0.815772 -0.577417 0.033249 0.235210 0.278687 -0.931133  4.042978e-01 2.544162e-01 6.702921e-01
RCUBE(5.000000e-01) -1.505657e+00 2.003851e+00 -4.212934e+00 0.802493 -0.379717 0.460239 -0.428512 -0.903535 0.001716 0.415190 -0.198595 -0.887793  2.635748e-01 5.698334e-01 5.307101e-01
RCUBE(5.000000e-01) -2.934515e+00 5.010633e+00 -3.089928e+00 0.623853 0.648108 0.436765 0.588432 -0.021720 -0.808255 -0.514350 0.761239 -0.394917  2.447856e-01 4.210964e-01 4.916631e-01
RCUBE(5.000000e-01) 1.942061e+00 -5.634676e+00 4.707402e+00 0.274143 -0.735297 0.619825 -0.109373 0.616497 0.779724 -0.955449 -0.281548 0.088587  7.471615e-01 1.561920e-01 3.460556e-01
RCUBE(5.000000e-01) 2.915056e+00 2.576059e-01 7.019388e+00 0.591721 -0.777866 -0.211641 -0.708871 -0.627089 0.322895 -0.383886 -0.041038 -0.922468  1.770199e-01 3.813300e-01 6.733439e-01
RCUBE(5.000000e-01) 4.031009e+00 2.108293e+00 5.443599e-01 -0.567732 -0.538827 0.622371 0.306124 -0.839996 -0.447991 0.764179 -0.063816 0.641840  4.194060e-01 5.380517e-01 2.756709e-01
RCUBE(5.000000e-01) -8.601460e-01 -4.549116e+00 -5.543402e-01 0.151716 0.381848 -0.911688 0.969799 -0.235721 0.062657 -0.190978 -0.893660 -0.406079  6.424213e-01 3.501563e-01 4.408624e-01
RCUBE(5.000000e-01) -4.209036e+00 1.962320e+00 1.136269e-01 0.592383 0.705864 0.388380 -0.800683 0.569287 0.186599 -0.089386 -0.421508 0.902409  4.282402e-01 1.525171e-01 6.293219e-01
RCUBE(5.000000e-01) -3.086790e+00 2.005026e+00 5.487386e+00 -0.495823 0.288142 0.819228 0.865870 0.091736 0.491787 0.066552 0.953184 -0.294978  4.411169e-01 6.809783e-01 2.204660e-01
RCUBE(5.000000e-01) -1.000244e+00 7.265367e-01 -4.425919e+00 0.339740 0.023906 0.940215 0.865208 -0.399911 -0.302469 0.368771 0.916242 -0.156549  3.123423e-01 5.173912e-01 5.903165e-01
RCUBE(5.000000e-01) -1.221494e+00 6.469595e+00 -4.551365e-01 0.197800 -0.972431 -0.123503 -0.898739 -0.129610 -0.418891 0.391335 0.193854 -0.899599  3.903742e-01 6.550724e-01 3.946507e-01
RCUBE(5.000000e-01) -4.124187e+00 4.940102e-01 3.752760e+00 -0.684707 -0.138903 0.715459 -0.648438 0.564260 -0.511018 -0.332723 -0.813828 -0.476423  3.401497e-01 5.012512e-01 3.546015e-01
RCUBE(5.000000e-01) -1.079289e+00 -3.575480e-01 6.487063e+00 0.345362 0.935830 0.070333 0.230153 -0.011803 -0.973083 -0.909810 0.352253 -0.219461  3.099578e-01 4.753861e-01 6.137935e-01
RCUBE(5.000000e-01) -8.893394e-03 2.886514e+00 3.466950e+00 0.202572 -0.530110 -0.823376 0.466705 0.791440 -0.394727 0.860901 -0.304313 0.407729  5.242924e-01 3.715333e-01 4.445260e-01
RCUBE(5.000000e-01) -2.395821e+00 2.622656e+00 -8.448901e-01 -0.798765 0.596929 -0.075169 -0.067840 0.034781 0.997090 0.597806 0.801540 0.012713  2.026592e-01 2.445124e-01 8.695801e-01
RCUBE(5.000000e-01) 3.124559e+00 -6.257479e+00 -2.986795e+00 -0.415266 0.821072 0.391655 0.320507 0.534980 -0.781711 -0.851369 -0.199090 -0.485319  5.124480e-01 4.499802e-01 3.629649e-01
RCUBE(5.000000e-01) -4.974469e-01 2.711104e+00 2.346053e+00 -0.845010 0.347734 -0.406251 0.486879 0.814477 -0.315559 0.221151 -0.464445 -0.857545  4.712624e-01 3.991945e-01 4.994620e-01
RCUBE(5.000000e-01) 2.020432e+00 1.188861e+00 -5.059832e+00 0.076285 0.971982 0.222331 -0.896364 0.164514 -0.411664 -0.436706 -0.167886 0.883800  4.125147e-01 6.684000e-01 3.499005e-01
RCUBE(5.000000e-01) 4.123751e+00 4.834899e+00 1.780277e+00 -0.808981 0.530294 0.253649 -0.583577 -0.776346 -0.238170 0.070619 -0.340699 0.937517  3.807693e-01 2.786622e-01 6.841503e-01
RCUBE(5.000000e-01) -2.581979e+00 -4.554215e+00 3.998776e+00 0.809740 -0.386608 0.441424 -0.104264 0.645505 0.756606 -0.577452 -0.658678 0.482382  4.905789e-01 2.987676e-01 4.078161e-01
RCUBE(5.000000e-01) 1.663250e+00 -4.976210e+00 5.498970e+00 0.056585 -0.734821 -0.675897 -0.195197 0.655774 -0.729286 0.979130 0.173200 -0.106328  8.319674e-01 2.364157e-01 2.110354e-01
RCUBE(5.000000e-01) -3.927083e+00 2.155990e+00 -4.852567e+00 0.563168 0.821002 -0.093794 0.591587 -0.321324 0.739443 0.576946 -0.471918 -0.666654  2.180681e-01 5.135687e-01 3.979372e-01
RCUBE(5.000000e-01) 6.407531e+00 1.356603e+00 8.513641e-01 -0.948971 -0.034288 -0.313493 0.235700 0.583329 -0.777286 0.209521 -0.811512 -0.545480  7.106586e-01 3.752447e-01 2.554347e-01
RCUBE(5.000000e-01) -2.818722e+00 -9.389677e-01 -2.342506e-01 -0.982521 0.161339 -0.092861 0.133455 0.262705 -0.955602 -0.129781 -0.951292 -0.279644  5.672067e-01 4.108790e-01 4.394923e-01
RCUBE(5.000000e-01) -1.596372e+00 -2.161352e+00 -3.738941e+00 0.121787 0.544818 0.829663 -0.958013 0.283124 -0.045293 -0.259574 -0.789312 0.556424  7.232276e-01 2.128418e-01 3.915833e-01
RCUBE(5.000000e-01) -3.679420e+00 -2.160328e+00 -3.631781e+00 0.944871 -0.291246 0.149650 0.327334 0.851946 -0.408706 -0.008460 0.435160 0.900313  6.217733e-01 2.929875e-01 4.907291e-01
RCUBE(5.000000e-01) 2.562364e+00 -6.546049e+00 2.904989e+00 -0.239863 0.309665 0.920094 -0.911551 -0.397890 -0.103723 0.333977 -0.863592 0.377714  5.258313e-01 3.646411e-01 5.507275e-01
RCUBE(5.000000e-01) 3.757512e+00 3.479709e+00 -2.276942e+00 -0.816469 -0.460687 0.348059 -0.289285 0.848086 0.443919 -0.499692 0.261758 -0.825706  4.212131e-01 4.910477e-01 4.420836e-01
RCUBE(5.000000e-01) 4.413001e+00 -1.590067e+00 -3.000113e+00 0.505258 0.862057 0.039654 0.840006 -0.480764 -0.251506 -0.197748 0.160384 -0.967043  2.962707e-01 3.965611e-01 7.075062e-01
RCUBE(5.000000e-01) 1.857721e+00 1.839978e+00 4.976243e+00 -0.703744 0.677948 0.212443 0.542712 0.320017 0.776564 0.458485 0.661797 -0.593141  3.451367e-01 3.385387e-01 4.500351e-01
RCUBE(5.000000e-01) -1.411574e+00 3.522072e-01 -7.464233e+00 0.184465 -0.052528 0.981434 0.622674 -0.766353 -0.158051 0.760428 0.640268 -0.108658  2.311028e-01 2.608196e-01 8.282139e-01
RCUBE(5.000000e-01) 5.583758e-01 -7.316094e+00 -1.952313e+00 0.050702 -0.249265 0.967107 0.045316 -0.966781 -0.251557 0.997685 0.056580 -0.037722  5.710188e-01 3.741804e-01 3.796593e-01
RCUBE(5.000000e-01) -4.104343e+00 -5.623407e-01 2.142884e+00 -0.711490 0.515292 -0.477761 0.017951 0.693003 0.720711 0.702467 0.504203 -0.502315  3.765834e-01 3.557878e-01 3.872248e-01
RCUBE(5.000000e-01) -4.136730e+00 9.759536e-01 1.922101e+00 0.843581 -0.503108 -0.187759 0.536526 0.804353 0.255258 0.022602 -0.316069 0.948467  4.139947e-01 2.683475e-01 6.869980e-01
RCUBE(5.000000e-01) -4.048357e+00 -2.705439e+00 -2.720891e+00 -0.247713 -0.341701 0.906575 0.810892 0.438947 0.387014 -0.530181 0.831003 0.168350  3.637959e-01 4.183461e-01 5.980695e-01
RCUBE(5.000000e-01) 5.898010e+00 -2.327587e+00 1.884898e+00 0.937898 -0.266310 0.222321 0.161367 -0.232404 -0.959140 0.307096 0.935450 -0.174998  4.627185e-01 4.515762e-01 5.480592e-01
RCUBE(5.000000e-01) -2.457815e+00 5.033162e+00 -3.324195e-01 0.770465 0.445072 0.456392 -0.405193 -0.210794 0.889598 0.492140 -0.870331 0.017930  2.340817e-01 5.219412e-01 5.657561e-01
RCUBE(5.000000e-01) -2.582942e+00 7.134057e+00 5.608826e-01 0.932151 0.324126 0.161357 0.338718 -0.938102 -0.072346 0.127921 0.122092 -0.984241  3.800569e-01 4.204512e-01 6.172332e-01
RCUBE(5.000000e-01) 5.574312e+00 2.889942e+00 -4.268682e+00 -0.345539 0.899217 0.268351 -0.606987 0.003916 -0.794702 -0.715660 -0.437486 0.544460  2.222186e-01 6.224690e-01 4.159553e-01
RCUBE(5.000000e-01) 2.817263e+00 -1.480843e+00 -1.905483e+00 -0.144768 0.009670 -0.989418 -0.880562 0.454802 0.133285 0.451279 0.890540 -0.057326  2.801911e-01 3.689808e-01 7.243828e-01
RCUBE(5.000000e-01) -1.152745e+00 -2.675128e+00 -7.027238e+00 0.154040 0.352907 0.922891 0.348995 0.854402 -0.384968 -0.924378 0.381385 0.008450  5.583349e-01 2.966300e-01 5.539800e-01
RCUBE(5.000000e-01) 3.518884e+00 -5.583807e+00 -1.387129e-01 0.129787 0.062781 -0.989552 -0.835165 -0.531022 -0.143228 -0.534466 0.845029 -0.016488  2.408746e-01 3.244748e-01 7.893139e-01
RCUBE(5.000000e-01) -1.216345e+00 -2.472557e+00 7.077265e+00 -0.201438 -0.292084 0.934938 -0.805531 0.592442 0.011529 -0.557264 -0.750799 -0.354623  3.949942e-01 2.168377e-01 6.865060e-01
RCUBE(5.000000e-01) -4.764869e+00 -8.561519e-01 -4.466262e+00 0.595771 -0.497439 -0.630564 -0.343917 -0.867495 0.359408 -0.725795 0.002736 -0.687906  3.586358e-01 5.829094e-01 3.186982e-01
RCUBE(5.000000e-01) 3.584372e+00 3.567163e+00 -4.255148e+00 -0.589308 -0.545828 0.595640 -0.670803 -0.080318 -0.737273 0.450265 -0.834039 -0.318811  3.058221e-01 5.321165e-01 3.910743e-01
RCUBE(5.000000e-01) -1.488655e+00 7.451781e+00 -2.118590e-01 -0.293933 -0.046045 0.954716 -0.189484 0.981822 -0.010985 -0.936856 -0.184132 -0.297315  3.258867e-01 5.854545e-01 4.691550e-01
RCUBE(5.000000e-01) 2.248770e+00 5.211778e+00 -3.379178e+00 -0.151678 0.637705 0.755199 0.959063 -0.089908 0.268543 0.239150 0.765016 -0.597962  7.560952e-01 2.960108e-01 2.616626e-01
RCUBE(5.000000e-01) 1.178999e+00 3.961549e+00 5.148656e+00 0.865025 -0.466282 -0.185237 -0.309702 -0.786696 0.534035 -0.394737 -0.404586 -0.824920  5.326457e-01 3.590849e-01 4.474190e-01
RCUBE(5.000000e-01) -5.549510e+00 -2.665312e+00 -4.463399e+00 0.619250 -0.681405 -0.390149 -0.740175 -0.340757 -0.579677 0.262049 0.647744 -0.715373  3.990438e-01 3.125005e-01 3.633501e-01
RCUBE(5.000000e-01) -2.599993e+00 2.557018e+00 -4.257215e+00 0.567792 -0.368223 0.736223 0.545638 -0.501312 -0.671540 0.616354 0.783006 -0.083725  2.715718e-01 4.627868e-01 4.015550e-01
RCUBE(5.000000e-01) -3.584829e+00 -6.447220e+00 -1.698297e+00 0.850927 -0.507453 0.135702 0.427348 0.818998 0.382906 -0.305447 -0.267833 0.913766  4.441311e-01 3.518708e-01 6.003500e-01
RCUBE(5.000000e-01) -2.020382e+00 2.942166e+00 -6.708691e+00 -0.285455 0.378258 -0.880589 -0.603529 -0.784699 -0.141426 -0.744492 0.491089 0.452286  3.039202e-01 3.953715e-01 5.842118e-01
RCUBE(5.000000e-01) 6.767051e+00 3.544923e-01 -3.456955e+00 0.434948 -0.393044 0.810146 0.144305 0.918504 0.368140 -0.888817 -0.043214 0.456219  5.190971e-01 5.957137e-01 2.381480e-01
RCUBE(5.000000e-01) -3.881117e+00 -1.891148e+00 -1.605074e+00 0.036896 0.279770 -0.959358 0.288653 -0.922074 -0.257796 -0.956723 -0.267410 -0.114777  5.318469e-01 3.548766e-01 5.419746e-01
RCUBE(5.000000e-01) -1.486779e+00 -2.046664e+00 2.560339e+00 -0.575850 -0.511636 0.637672 0.143785 0.704437 0.695050 -0.804812 0.491932 -0.332085  4.899392e-01 3.450903e-01 3.530822e-01
RCUBE(5.000000e-01) 4.143658e-02 4.704104e+00 3.070607e+00 0.062871 0.428558 -0.901324 0.957501 -0.280626 -0.066642 -0.281495 -0.858829 -0.427988  6.463908e-01 2.461720e-01 4.740636e-01
RCUBE(5.000000e-01) -1.417572e+00 6.428381e+00 3.811523e+00 -0.006037 0.504472 -0.863407 0.982646 0.163066 0.088406 0.185391 -0.847890 -0.496702  7.467891e-01 2.639247e-01 3.660303e-01
RCUBE(5.000000e-01) 2.629831e+00 -6.053571e+00 -3.712841e-01 0.176284 -0.029722 -0.983891 0.890964 0.429741 0.146652 0.418459 -0.902463 0.102237  3.190209e-01 3.959950e-01 6.900942e-01
RCUBE(5.000000e-01) 1.336465e+00 -5.096115e+00 -1.856126e+00 0.255546 0.903242 0.344746 0.198134 0.300088 -0.933108 -0.946276 0.306758 -0.102276  5.567125e-01 3.890554e-01 5.114618e-01
RCUBE(5.000000e-01) 4.347624e+00 4.126685e+00 -4.678046e+00 -0.751829 0.042812 -0.657966 -0.334371 0.835303 0.436422 0.568286 0.548120 -0.613690  4.054310e-01 5.323902e-01 2.960868e-01
RCUBE(5.000000e-01) 5.988460e+00 4.044418e+00 2.354766e+00 -0.616043 0.632066 0.470089 0.062918 -0.555387 0.829208 0.785196 0.540405 0.302374  4.486930e-01 2.056325e-01 5.188851e-01
RCUBE(5.000000e-01) 1.170912e+00 -6.395686e+00 3.941611e+00 0.098046 -0.493655 -0.864113 0.156208 -0.849899 0.503259 -0.982846 -0.184324 -0.006216  7.456464e-01 2.730796e-01 3.641589e-01
RCUBE(5.000000e-01) -1.474111e+00 -6.416963e+00 -5.981775e-01 0.953429 -0.272732 0.128805 0.172985 0.144614 -0.974250 0.247082 0.951159 0.185058  4.514780e-01 4.387266e-01 5.475396e-01
RCUBE(5.000000e-01) 3.398805e+00 -6.289068e-02 5.680835e+00 0.471370 0.724291 -0.503202 0.704782 -0.652354 -0.278778 -0.530182 -0.223240 -0.817967  3.141774e-01 3.487271e-01 5.007808e-01
RCUBE(5.000000e-01) -7.067229e-01 5.323944e-01 -5.527793e+00 0.878722 -0.470242 -0.081976 0.463085 0.881473 -0.092504 0.115759 0.043324 0.992332  3.092975e-01 3.330651e-01 7.420605e-01
RCUBE(5.000000e-01) 1.160848e+00 -7.516494e+00 7.659908e-02 0.078379 -0.000301 -0.996924 -0.155672 0.987729 -0.012537 0.984694 0.156175 0.077371  3.620770e-01 4.212545e-01 4.933527e-01
RCUBE(5.000000e-01) 3.107042e-03 -3.852754e+00 2.597631e+00 -0.937476 -0.339307 0.077519 -0.098934 0.473322 0.875316 -0.333692 0.812919 -0.477297  6.423370e-01 2.140050e-01 4.778540e-01
RCUBE(5.000000e-01) 6.476706e+00 1.911041e+00 3.500660e+00 0.851912 0.245291 0.462686 -0.187277 -0.682394 0.706588 0.489053 -0.688601 -0.535402  5.558258e-01 3.287676e-01 3.174418e-01
RCUBE(5.000000e-01) 4.834071e+00 1.291844e+00 -5.726165e+00 -0.737443 0.439922 -0.512491 -0.628338 -0.168539 0.759464 0.247730 0.882079 0.400707  3.098026e-01 5.934367e-01 3.585898e-01
RCUBE(5.000000e-01) -3.660203e-01 1.781057e+00 3.178331e+00 0.805788 -0.260718 0.531726 0.394748 -0.432846 -0.810443 0.441452 0.862943 -0.245864  4.032886e-01 5.272997e-01 4.139476e-01
RCUBE(5.000000e-01) 6.591888e+00 -2.113320e-01 -4.107861e-01 -0.029759 -0.517262 0.855310 0.984577 0.132420 0.114339 -0.172404 0.845521 0.505343  7.595466e-01 2.826548e-01 3.442659e-01
RCUBE(5.000000e-01) 2.638337e+00 1.294072e+00 3.567008e+00 -0.501474 -0.446593 -0.740999 -0.741808 0.662716 0.102609 0.445247 0.601134 -0.663621  4.073724e-01 3.228789e-01 4.062895e-01
RCUBE(5.000000e-01) -2.472794e+00 3.566628e+00 -3.553343e+00 -0.631850 0.460303 -0.623608 0.522136 -0.341838 -0.781358 -0.572835 -0.819309 -0.024351  2.254056e-01 5.046921e-01 4.451966e-01
RCUBE(5.000000e-01) 1.207840e+00 6.268168e+00 1.615559e+00 -0.902109 0.183335 -0.390624 -0.419177 -0.157463 0.894146 0.102420 0.970357 0.218899  4.137788e-01 6.514089e-01 3.750973e-01
RCUBE(5.000000e-01) -7.514217e+00 -6.775467e-01 -9.715893e-01 0.117874 0.121983 -0.985508 0.987506 0.090124 0.129268 0.104586 -0.988432 -0.109835  4.509712e-01 4.580212e-01 4.342512e-01
RCUBE(5.000000e-01) -5.111547e+00 1.593542e+00 -5.400416e+00 -0.503765 -0.835903 0.217916 0.548108 -0.504282 -0.667291 0.667681 -0.216716 0.712205  2.790051e-01 5.346304e-01 3.657253e-01
RCUBE(5.000000e-01) 1.565801e+00 3.802051e+00 -5.148356e+00 0.233119 -0.784613 -0.574490 -0.022088 0.586342 -0.809762 0.972197 0.201460 0.119356  7.735695e-01 2.157030e-01 3.411956e-01
RCUBE(5.000000e-01) 5.010882e+00 -2.066412e+00 -5.334611e+00 -0.655371 0.279629 0.701638 0.496540 0.859503 0.121253 -0.569155 0.427857 -0.702141  2.324198e-01 5.700099e-01 3.445785e-01
RCUBE(5.000000e-01) -4.056707e+00 -3.409552e+00 5.456679e+00 0.358571 0.649287 0.670711 -0.769439 0.612395 -0.181482 -0.528574 -0.450997 0.719174  4.403540e-01 2.694734e-01 3.687047e-01
RCUBE(5.000000e-01) 9.523722e-01 -6.799350e-02 -1.501111e+00 -0.108868 0.830987 0.545534 -0.859523 0.196998 -0.471605 -0.499367 -0.520242 0.692806  5.490836e-01 4.954409e-01 1.685287e-01
RCUBE(5.000000e-01) -8.460581e-01 5.323725e+00 1.593359e+00 0.067069 0.954898 0.289260 0.955746 -0.144718 0.256137 0.286446 0.259281 -0.922346  5.346223e-01 5.313840e-01 3.767422e-01
RCUBE(5.000000e-01) -3.650324e+00 3.918612e+00 -1.761244e+00 0.798243 -0.590124 0.120677 0.519343 0.775787 0.358383 -0.305109 -0.223404 0.925742  3.708770e-01 3.072770e-01 6.611495e-01
RCUBE(5.000000e-01) 3.077469e+00 2.816903e+00 -5.114215e+00 0.857529 -0.065199 0.510287 -0.484692 -0.434795 0.758965 0.172386 -0.898166 -0.404450  5.005532e-01 5.914011e-01 1.979183e-01
RCUBE(5.000000e-01) -3.500421e+00 4.370795e+00 -1.450777e-01 0.601462 0.669704 0.435590 0.688933 -0.710853 0.141633 0.404493 0.214906 -0.888933  2.839938e-01 3.408912e-01 6.191224e-01
RCUBE(5.000000e-01) -2.810415e+00 -1.588276e+00 3.387208e+00 -0.046101 -0.668095 -0.742646 -0.633464 -0.555288 0.538868 -0.772398 0.495281 -0.397615  4.487147e-01 3.223551e-01 4.095847e-01
RCUBE(5.000000e-01) -1.120745e+00 -1.333960e+00 -4.275928e+00 -0.965057 0.259086 -0.039232 0.260591 0.933183 -0.247513 -0.027517 -0.249087 -0.968090  5.270861e-01 3.138666e-01 5.395815e-01
RCUBE(5.000000e-01) -6.897490e-01 -5.585992e+00 -3.433077e+00 -0.193951 -0.868150 -0.456835 0.950889 -0.280879 0.130067 -0.241233 -0.409172 0.879991  6.386020e-01 3.779928e-01 4.230244e-01
RCUBE(5.000000e-01) 9.466036e-01 2.403710e+00 4.936513e+00 -0.257585 -0.495579 -0.829489 0.474115 0.683188 -0.555400 0.841941 -0.536336 0.058982  5.228751e-01 1.775655e-01 5.003341e-01
RCUBE(5.000000e-01) -4.389663e+00 -2.101734e-02 -4.935026e+00 -0.407685 -0.862631 0.299433 -0.694273 0.079836 -0.715271 0.593109 -0.499493 -0.631449  3.177173e-01 5.756902e-01 3.559358e-01
RCUBE(5.000000e-01) -3.841629e-01 -5.161695e+00 5.573173e+00 -0.997215 -0.003963 -0.074469 0.051912 0.680037 -0.731338 0.053540 -0.733167 -0.677937  9.330948e-01 1.830953e-01 1.601946e-01
RCUBE(5.000000e-01) -2.989647e+00 4.006787e+00 2.520890e+00 -0.793477 -0.478236 -0.376410 0.031842 0.585015 -0.810397 0.607767 -0.655017 -0.448968  4.596184e-01 2.380879e-01 4.869063e-01
RCUBE(5.000000e-01) 2.060802e+00 -7.249931e+00 1.016159e+00 0.261382 -0.955946 0.133589 0.960201 0.271634 0.065039 -0.098461 0.111273 0.988900  4.270075e-01 3.920630e-01 5.721434e-01
RCUBE(5.000000e-01) 3.190476e+00 -3.340682e+00 -2.749708e-01 -0.739947 0.643328 0.196490 0.671126 0.686307 0.280308 0.045477 0.339283 -0.939584  3.241497e-01 1.680913e-01 7.186174e-01
RCUBE(5.000000e-01) 4.399194e+00 -2.282594e+00 5.765959e+00 0.286071 0.945233 0.157154 0.755087 -0.121405 -0.644286 -0.589922 0.302976 -0.748464  2.979583e-01 7.227836e-01 2.777968e-01
RCUBE(5.000000e-01) -1.477804e+00 7.189769e-01 -3.226421e+00 0.604411 0.766624 -0.216740 0.606668 -0.266563 0.748932 0.516374 -0.584151 -0.626199  2.473782e-01 4.421230e-01 4.197519e-01
RCUBE(5.000000e-01) 5.291589e+00 5.452988e+00 -2.947034e-01 -0.703677 -0.708841 0.048822 0.603563 -0.632592 -0.485323 0.374901 -0.312044 0.872971  3.264803e-01 3.422162e-01 5.923085e-01
RCUBE(5.000000e-01) -3.911314e-01 -2.471183e+00 1.269738e+00 0.111683 0.827912 0.549626 0.371960 0.478053 -0.795682 -0.921506 0.293303 -0.254560  6.357438e-01 4.128973e-01 3.195259e-01
RCUBE(5.000000e-01) -1.461111e+00 3.369002e+00 -4.114860e-01 -0.187137 0.964199 0.187886 0.502776 0.258326 -0.824915 -0.843917 -0.059907 -0.533118  3.775390e-01 7.176567e-01 2.979895e-01
RCUBE(5.000000e-01) 1.495259e+00 1.816845e+00 7.231254e+00 0.204655 0.228757 0.951728 -0.511141 -0.804234 0.303219 0.834776 -0.548523 -0.047663  3.936981e-01 2.813691e-01 6.988711e-01
RCUBE(5.000000e-01) 3.567068e+00 1.796194e+00 -5.238893e+00 0.839453 -0.287776 0.460981 0.543040 0.411969 -0.731703 0.020656 0.864561 0.502103  4.949646e-01 5.452501e-01 2.357550e-01
RCUBE(5.000000e-01) -9.581462e-01 -3.206209e+00 -3.194888e+00 0.192396 0.506072 -0.840759 -0.967448 0.241354 -0.076110 0.164403 0.828033 0.536034  7.266029e-01 3.075847e-01 3.621527e-01
RCUBE(5.000000e-01) 8.379434e-01 -5.532047e+00 1.278912e-01 0.109641 0.013720 -0.993877 -0.173420 0.984832 -0.005536 0.978726 0.172965 0.110357  3.545860e-01 4.434554e-01 5.036538e-01
RCUBE(5.000000e-01) 6.085755e-01 1.556566e+00 -9.371426e-02 0.511040 -0.027181 0.859127 -0.859557 -0.016453 0.510775 0.000252 -0.999495 -0.031772  2.659357e-01 7.991859e-01 2.509320e-01
RCUBE(5.000000e-01) -6.043129e+00 -2.528435e+00 -8.224309e-01 -0.092775 -0.147038 0.984770 0.310143 -0.944100 -0.111747 0.946152 0.295052 0.133191  4.176265e-01 4.034541e-01 5.951476e-01
RCUBE(5.000000e-01) -5.540290e+00 4.068738e+00 -3.256271e+00 -0.493845 0.013901 0.869439 -0.471846 -0.844147 -0.254513 0.730396 -0.535931 0.423437  2.151227e-01 5.014317e-01 5.526817e-01
RCUBE(5.000000e-01) 6.068136e+00 -1.570337e+00 -2.051343e+00 -0.927948 0.244290 0.281489 -0.167370 0.401689 -0.900352 -0.333018 -0.882592 -0.331859  5.617838e-01 4.174631e-01 4.777877e-01
RCUBE(5.000000e-01) -7.303106e+00 1.938280e+00 8.468194e-01 -0.285051 -0.853263 -0.436678 -0.958496 0.256402 0.124674 0.005585 0.454093 -0.890937  6.596354e-01 2.810210e-01 4.558497e-01
RCUBE(5.000000e-01) 7.116539e+00 2.500348e+00 -5.443104e-01 -0.287027 0.840837 0.458921 -0.368830 0.345138 -0.863043 -0.884070 -0.416981 0.211062  5.248239e-01 4.135625e-01 4.723660e-01
RCUBE(5.000000e-01) -3.289428e-01 3.831238e+00 2.570850e+00 0.905388 -0.235028 0.353601 -0.125241 -0.943595 -0.306502 0.405693 0.233218 -0.883755  4.714619e-01 5.921008e-01 3.898316e-01
RCUBE(5.000000e-01) -2.675560e-01 -3.902591e+00 -2.394119e+00 -0.184262 -0.394896 0.900058 -0.961209 0.263625 -0.081117 -0.205245 -0.880090 -0.428153  6.409707e-01 3.546879e-01 4.424322e-01
RCUBE(5.000000e-01) 1.137454e+00 -4.105979e+00 1.731422e+00 0.490325 -0.767748 0.412486 -0.858952 -0.505842 0.079533 0.147592 -0.393303 -0.907485  4.941325e-01 1.925722e-01 6.058520e-01
RCUBE(5.000000e-01) -1.776486e+00 1.423854e+00 -7.256721e+00 0.750901 -0.590035 -0.296658 0.236468 -0.179203 0.954971 -0.616628 -0.787239 0.004961  2.121497e-01 3.472932e-01 7.406763e-01
RCUBE(5.000000e-01) 9.910347e-01 4.281046e+00 3.507076e+00 -0.899626 0.436585 -0.008154 0.325371 0.682677 0.654283 0.291217 0.585957 -0.756206  6.337579e-01 1.927052e-01 3.714742e-01
RCUBE(5.000000e-01) 3.692862e+00 2.258526e+00 4.990387e+00 0.539453 0.423214 0.727929 0.752834 -0.629632 -0.191844 0.377136 0.651501 -0.658267  4.175680e-01 2.875485e-01 3.822864e-01
RCUBE(5.000000e-01) -2.101332e+00 6.190134e+00 -9.117906e-01 -0.238155 0.969070 -0.064702 0.430053 0.045487 -0.901657 -0.870825 -0.242559 -0.427584  2.617780e-01 6.666264e-01 4.480522e-01
RCUBE(5.000000e-01) -5.022710e+00 -2.561740e+00 3.444600e+00 0.027677 -0.654693 -0.755388 0.674994 -0.545137 0.497201 -0.737304 -0.523643 0.426826  4.047385e-01 3.129769e-01 4.277492e-01
RCUBE(5.000000e-01) -7.271295e-01 -6.358205e+00 1.614900e+00 0.990127 -0.024095 0.138087 0.118587 -0.381249 -0.916835 0.074736 0.924158 -0.374628  6.642096e-01 3.945639e-01 3.309037e-01
RCUBE(5.000000e-01) -6.152138e+00 2.358451e+00 -6.800420e-03 -0.123043 -0.481531 0.867749 0.347853 0.797992 0.492146 -0.929440 0.362404 0.069315  6.353343e-01 2.125095e-01 4.795289e-01
RCUBE(5.000000e-01) -1.145875e+00 8.021830e-01 -1.397058e+00 -0.864678 0.449995 0.223239 -0.329151 -0.843270 0.424918 0.379462 0.293938 0.877274  4.783016e-01 4.225327e-01 5.096442e-01
RCUBE(5.000000e-01) -3.255015e+00 2.878228e+00 -3.526771e+00 -0.623697 -0.780430 0.043947 0.558248 -0.405372 0.723901 -0.547139 0.476028 0.688503  2.812474e-01 4.595922e-01 3.865528e-01
RCUBE(5.000000e-01) -4.557261e+00 1.129346e+00 3.023918e+00 0.682940 -0.274414 -0.676971 0.442414 -0.582061 0.682257 -0.581259 -0.765442 -0.276108  3.165294e-01 4.354349e-01 3.381136e-01
RCUBE(5.000000e-01) -4.227118e+00 -4.270072e+00 2.741345e+00 0.620353 0.656514 -0.429128 -0.746954 0.327656 -0.578533 -0.239209 0.679434 0.693648  4.131187e-01 3.409137e-01 3.396083e-01
RCUBE(5.000000e-01) 3.097630e-03 2.635340e+00 -8.615974e-01 0.452628 0.135151 -0.881398 -0.045767 0.990666 0.128402 0.890524 -0.017779 0.454588  3.640352e-01 7.275122e-01 2.739773e-01
RCUBE(5.000000e-01) -5.669915e+00 1.995272e+00 -4.639292e+00 0.715244 -0.246340 0.654021 -0.495077 0.481927 0.722942 -0.493280 -0.840870 0.222738  3.196449e-01 5.341278e-01 3.341153e-01
RCUBE(5.000000e-01) -1.252216e+00 2.030552e+00 2.744881e+00 0.792371 -0.255326 0.554036 0.423175 0.884209 -0.197731 -0.439398 0.391131 0.808669  3.669391e-01 5.706230e-01 4.062380e-01
RCUBE(5.000000e-01) 2.489360e+00 6.774772e+00 2.389479e+00 -0.332605 -0.894531 -0.298645 -0.170647 0.368533 -0.913818 0.927499 -0.252977 -0.275225  5.396885e-01 4.289956e-01 4.961365e-01
RCUBE(5.000000e-01) -4.381159e+00 6.213413e+00 7.674565e-02 -0.798514 -0.572809 -0.185109 0.149565 0.109076 -0.982717 0.583100 -0.812399 -0.001427  2.314875e-01 3.139522e-01 8.021632e-01
RCUBE(5.000000e-01) -3.354119e+00 -1.809052e+00 6.582018e+00 0.741218 -0.636197 0.214125 0.499679 0.735932 0.456865 -0.448237 -0.231643 0.863380  3.410008e-01 3.301452e-01 5.646281e-01
RCUBE(5.000000e-01) 1.481157e+00 7.420101e+00 7.406400e-01 -0.198911 -0.976164 -0.086823 0.505332 -0.026255 -0.862525 0.839687 -0.215440 0.498510  2.495309e-01 7.329894e-01 3.861257e-01
RCUBE(5.000000e-01) -6.344675e+00 3.166256e+00 2.729499e+00 0.838227 -0.438602 -0.324042 -0.537496 -0.764818 -0.355178 -0.092051 0.471891 -0.876838  4.745465e-01 2.946891e-01 5.565827e-01
RCUBE(5.000000e-01) -5.888376e+00 -2.356888e+00 -1.808758e+00 0.352461 -0.930109 -0.103289 -0.138751 -0.161091 0.977138 -0.925483 -0.330072 -0.185832  3.986398e-01 4.248318e-01 6.141634e-01
RCUBE(5.000000e-01) 5.256126e+00 2.127247e-02 -5.488964e+00 0.650840 -0.444318 0.615620 -0.682816 0.011934 0.730493 -0.331918 -0.895790 -0.295620  2.962372e-01 6.307122e-01 3.486987e-01
RCUBE(5.000000e-01) 1.557673e+00 1.699421e+00 2.725348e+00 -0.657345 -0.576957 0.484787 0.668272 -0.743616 0.021146 0.348295 0.337870 0.874377  2.969989e-01 3.725708e-01 5.920218e-01
RCUBE(5.000000e-01) -1.207919e+00 -1.332804e+00 3.243218e+00 0.119875 0.724220 0.679069 0.557661 0.516778 -0.649581 -0.821367 0.456559 -0.341921  5.113618e-01 3.639257e-01 3.320465e-01
RCUBE(5.000000e-01) 4.221824e-01 3.343837e-01 -5.577416e+00 -0.196628 0.032805 0.979929 0.584960 0.806009 0.090392 -0.786867 0.590993 -0.177674  2.046826e-01 3.200154e-01 7.999412e-01
RCUBE(5.000000e-01) -1.265882e+00 -5.233404e+00 -5.367039e+00 -0.950551 0.300212 -0.079537 -0.162180 -0.698233 -0.697258 -0.264860 -0.649879 0.712394  7.467017e-01 2.177319e-01 2.725106e-01
RCUBE(5.000000e-01) 2.251451e+00 -7.189529e+00 -1.048464e+00 0.954557 0.289304 0.071586 0.296928 -0.943817 -0.145062 0.025597 0.159725 -0.986830  4.434629e-01 3.554902e-01 5.905457e-01
RCUBE(5.000000e-01) 5.636433e+00 4.493105e-01 3.399192e+00 -0.299846 -0.749298 0.590462 0.280968 -0.660850 -0.695941 0.911674 -0.042775 0.408682  6.564731e-01 3.490854e-01 2.153503e-01
RCUBE(5.000000e-01) 4.822778e+00 -5.844339e+00 6.496370e-01 -0.747139 -0.630929 -0.209075 -0.216988 -0.065791 0.973955 -0.628252 0.773046 -0.087749  1.613099e-01 3.048697e-01 8.023377e-01
RCUBE(5.000000e-01) 6.851366e-01 3.185210e+00 -1.616303e+00 0.337450 0.683354 -0.647422 0.261884 -0.728763 -0.632710 -0.904181 0.043958 -0.424881  6.464857e-01 3.442838e-01 1.738206e-01
RCUBE(5.000000e-01) -1.718396e+00 6.180490e+00 1.533006e+00 -0.211289 -0.309993 0.926963 -0.115195 0.949662 0.291327 -0.970612 -0.045227 -0.236363  5.737663e-01 4.905493e-01 3.626949e-01
RCUBE(5.000000e-01) 2.704939e-01 6.477163e+00 1.275738e+00 -0.416034 -0.145376 0.897653 0.907963 -0.120884 0.401235 0.050182 0.981964 0.182288  4.031572e-01 6.743994e-01 3.388471e-01
RCUBE(5.000000e-01) -1.588185e+00 8.240940e-01 1.918234e+00 0.773147 -0.428653 0.467440 -0.519156 -0.851094 0.078212 0.364309 -0.303143 -0.880558  2.923565e-01 4.909435e-01 5.555988e-01
RCUBE(5.000000e-01) -7.034805e-01 4.267790e+00 6.252265e+00 0.113934 -0.565333 -0.816957 0.295888 0.804303 -0.515312 0.948404 -0.183016 0.258912  6.977417e-01 3.180201e-01 3.608543e-01
RCUBE(5.000000e-01) 2.417605e+00 -4.736266e+00 -1.672224e+00 -0.548968 0.798381 0.247432 -0.825556 -0.471608 -0.309909 -0.130734 -0.374399 0.918006  4.091802e-01 3.322648e-01 6.282810e-01
RCUBE(5.000000e-01) 2.006847e+00 -3.527622e+00 -2.328380e+00 0.361435 0.102462 0.926751 0.467258 0.840223 -0.275127 -0.806868 0.532472 0.255810  3.217783e-01 4.233469e-01 6.376545e-01
RCUBE(5.000000e-01) -3.835921e+00 4.484383e-01 -6.545785e+00 0.519460 0.816335 -0.252503 0.673762 -0.573045 -0.466545 -0.525553 0.072225 -0.847690  1.698549e-01 4.810025e-01 5.366865e-01
RCUBE(5.000000e-01) -5.123812e+00 1.133359e+00 -2.003660e+00 -0.955018 -0.007806 -0.296445 0.129068 -0.910947 -0.391813 -0.266987 -0.412450 0.870978  6.245236e-01 4.855510e-01 3.027166e-01
RCUBE(5.000000e-01) 4.649758e-02 3.942377e-01 -4.567590e+00 0.375231 0.914340 -0.152266 0.041845 -0.180811 -0.982627 -0.925986 0.362340 -0.106106  4.235471e-01 3.462496e-01 6.442354e-01
RCUBE(5.000000e-01) -5.865122e-02 -2.212676e+00 5.145143e+00 0.004841 -0.287709 0.957706 -0.412210 0.871989 0.264042 -0.911076 -0.396054 -0.114376  4.818833e-01 2.942205e-01 6.301546e-01
RCUBE(5.000000e-01) -7.046057e+00 -2.699389e+00 -9.263062e-01 0.931717 0.338974 0.130384 0.114033 0.067807 -0.991160 -0.344818 0.938349 0.024523  3.423226e-01 4.044022e-01 6.364451e-01
