2000 α=0.3 
-11.000000 11.000000
-11.000000 11.000000
-11.000000 11.000000
RCUBE(3.000000e-01) 2.443053e-01 5.203048e+00 -5.245733e+00 0.021230 0.705372 -0.708519 0.998559 0.019983 0.049815 0.049296 -0.708556 -0.703931  9.569890e-01 1.527121e-01 1.459949e-01
RCUBE(3.000000e-01) 6.137301e+00 1.521907e+00 1.982359e+00 0.408895 0.583456 0.701701 0.911229 -0.219188 -0.348740 -0.049670 0.782008 -0.621286  6.505893e-01 3.969973e-01 2.199870e-01
RCUBE(3.000000e-01) -5.343036e-01 6.431259e+00 3.597936e+00 0.929776 -0.099564 0.354407 0.089407 -0.872831 -0.479763 0.357104 0.477758 -0.802636  6.315264e-01 4.858295e-01 2.018308e-01
RCUBE(3.000000e-01) 4.152953e+00 5.754989e+00 2.057045e+00 -0.096110 -0.237329 0.966663 -0.821675 0.567047 0.057523 -0.561795 -0.788754 -0.249506  3.677152e-01 1.999902e-01 7.506291e-01
RCUBE(3.000000e-01) -5.340673e+00 5.095660e+00 2.101040e-02 0.640341 0.697711 0.321191 -0.177885 -0.272089 0.945687 0.747209 -0.662697 -0.050117  3.247034e-01 2.271503e-01 7.319569e-01
RCUBE(3.000000e-01) 1.047092e+00 -1.991394e-01 -7.309872e+00 0.424849 0.902718 0.067846 -0.892518 0.430221 -0.135352 -0.151374 -0.003050 0.988472  2.989214e-01 3.838295e-01 7.016497e-01
RCUBE(3.000000e-01) 6.105907e-01 2.071106e+00 -5.000911e+00 -0.935282 0.199450 0.292347 -0.149456 0.526192 -0.837129 -0.320796 -0.826645 -0.462330  6.491616e-01 3.593965e-01 3.926952e-01
RCUBE(3.000000e-01) 1.228097e+00 -2.314522e+00 -6.901851e+00 0.116148 -0.332033 -0.936090 0.938869 0.344230 -0.005606 0.324091 -0.878214 0.351717  5.601609e-01 3.000942e-01 5.512663e-01
RCUBE(3.000000e-01) 1.490591e+00 3.230902e+00 -5.341423e+00 -0.339784 -0.767400 -0.543732 -0.863286 0.483895 -0.143471 0.373208 0.420647 -0.826905  5.357247e-01 3.242299e-01 4.606332e-01
RCUBE(3.000000e-01) 4.112860e+00 -6.084541e+00 8.242249e-01 -0.773252 -0.556011 -0.304850 0.300980 0.101320 -0.948233 0.558115 -0.824976 0.089003  1.788827e-01 4.042715e-01 7.056661e-01
RCUBE(3.000000e-01) 6.913303e+00 1.964979e+00 -1.714838e+00 0.036429 0.604646 0.795661 0.363929 -0.749543 0.552938 0.930714 0.269421 -0.247353  6.797461e-01 2.437302e-01 3.815947e-01
RCUBE(3.000000e-01) -6.225320e-01 -5.663519e-01 3.468936e+00 -0.550565 -0.692498 -0.466181 -0.614471 0.714187 -0.335205 0.565069 0.101903 -0.818726  2.219707e-01 3.702190e-01 5.105437e-01
RCUBE(3.000000e-01) -3.101790e+00 4.401981e+00 1.195433e+00 0.115116 0.987031 -0.111881 0.679324 -0.160399 -0.716094 -0.724753 0.006430 -0.688979  2.196323e-01 8.693775e-01 1.912290e-01
RCUBE(3.000000e-01) 6.007639e+00 6.945826e-01 4.240569e+00 -0.834212 -0.101895 -0.541948 0.311562 0.723797 -0.615668 0.454994 -0.682448 -0.572053  5.327241e-01 3.767364e-01 2.006105e-01
RCUBE(3.000000e-01) -5.291500e+00 5.036485e+00 1.087824e+00 -0.084714 -0.336920 0.937714 -0.721718 0.669599 0.175386 -0.686984 -0.661908 -0.299886  3.110704e-01 2.046590e-01 7.160484e-01
RCUBE(3.000000e-01) -1.737983e-02 -3.687637e+00 -5.180586e-01 0.618870 0.781851 -0.075564 -0.725267 0.605711 0.327264 0.301641 -0.147730 0.941907  1.850991e-01 3.667245e-01 7.139546e-01
RCUBE(3.000000e-01) -5.035524e+00 -5.402380e-01 2.073758e+00 0.032334 -0.999081 -0.028131 -0.999471 -0.032219 -0.004520 0.003610 0.028262 -0.999594  3.937154e-01 3.740430e-01 3.971019e-01
RCUBE(3.000000e-01) 1.359490e+00 -5.805188e+00 2.351842e+00 -0.694313 0.142132 0.705498 -0.141640 0.934142 -0.327591 -0.705597 -0.327378 -0.628456  2.898270e-01 7.069137e-01 2.564728e-01
RCUBE(3.000000e-01) 2.707953e-01 3.516642e+00 -6.495819e+00 -0.033745 -0.484993 0.873867 -0.674581 0.656203 0.338141 -0.737430 -0.578083 -0.349311  3.644627e-01 1.932765e-01 5.916656e-01
RCUBE(3.000000e-01) 2.137439e+00 5.523180e+00 2.431369e+00 -0.043685 -0.369772 0.928095 -0.906690 0.404782 0.118596 -0.419530 -0.836313 -0.352951  5.305049e-01 2.515204e-01 5.903417e-01
RCUBE(3.000000e-01) 3.246454e+00 -1.086292e+00 2.944191e+00 -0.862334 -0.379490 0.335211 0.126656 -0.802649 -0.582849 0.490242 -0.460154 0.740217  5.492288e-01 4.337103e-01 2.965892e-01
RCUBE(3.000000e-01) -6.490784e+00 -1.597373e+00 -3.113442e+00 -0.332750 0.832308 0.443329 -0.922358 -0.189394 -0.336726 -0.196296 -0.520954 0.830707  6.213616e-01 3.915034e-01 3.867829e-01
RCUBE(3.000000e-01) 2.371748e+00 -6.824978e-01 -2.975434e+00 -0.454074 -0.398064 0.797096 0.493536 -0.857222 -0.146942 0.741781 0.326673 0.585702  3.078201e-01 5.416356e-01 4.265075e-01
RCUBE(3.000000e-01) -5.471492e+00 6.372434e-01 7.731174e-01 -0.147401 -0.988786 -0.023998 0.161952 -0.048064 0.985627 -0.975728 0.141396 0.167221  3.765559e-01 4.908479e-01 4.713303e-01
RCUBE(3.000000e-01) -2.675493e+00 3.500655e+00 3.223020e+00 -0.003167 -0.482793 0.875729 -0.868157 -0.433283 -0.242011 0.496280 -0.761037 -0.417768  5.283133e-01 2.420429e-01 5.449206e-01
RCUBE(3.000000e-01) -1.070501e+00 -3.789949e+00 -9.754413e-02 -0.605521 -0.765774 0.216644 0.305032 0.028110 0.951927 -0.735051 0.642495 0.216564  2.201837e-01 3.240050e-01 7.404383e-01
RCUBE(3.000000e-01) 2.152868e+00 -5.020892e+00 -3.590798e+00 0.203354 0.460290 -0.864165 0.684152 0.564585 0.461714 0.700417 -0.685111 -0.200097  3.430202e-01 2.835752e-01 5.769952e-01
RCUBE(3.000000e-01) 6.030210e-01 -2.569536e+00 5.799424e+00 -0.297975 -0.877267 -0.376315 -0.144611 0.431159 -0.890612 0.943556 -0.210961 -0.255337  6.079488e-01 3.962819e-01 4.451838e-01
RCUBE(3.000000e-01) -6.907387e+00 1.830949e+00 -1.894987e+00 -0.353102 -0.512238 0.782900 0.932966 -0.255347 0.253715 0.069949 0.820006 0.568064  6.680479e-01 3.994211e-01 2.847286e-01
RCUBE(3.000000e-01) -8.712295e-01 5.915118e+00 -2.290123e+00 0.144578 0.295473 0.944348 -0.270386 0.929850 -0.249541 -0.951834 -0.219260 0.214328  5.284271e-01 4.367503e-01 4.994568e-01
RCUBE(3.000000e-01) 5.373411e+00 2.033492e+00 -2.865748e+00 -0.687925 0.357582 -0.631580 -0.079790 -0.902193 -0.423888 -0.721382 -0.241209 0.649173  3.407588e-01 6.431945e-01 2.010562e-01
RCUBE(3.000000e-01) 1.823371e+00 6.807414e-01 7.125489e+00 -0.952715 0.228370 0.200451 0.209369 0.971442 -0.111643 -0.220222 -0.064396 -0.973322  3.935563e-01 5.061107e-01 5.148976e-01
RCUBE(3.000000e-01) -1.960469e+00 -6.875789e+00 -1.869573e+00 0.927293 -0.317311 0.198596 0.272774 0.209445 -0.939003 0.256361 0.924903 0.280771  4.798297e-01 4.706311e-01 5.226138e-01
RCUBE(3.000000e-01) -4.615420e+00 -4.305844e+00 3.849861e+00 -0.625004 -0.579049 0.523519 0.082097 -0.715682 -0.693584 0.776293 -0.390513 0.494842  4.542739e-01 3.787416e-01 3.470648e-01
RCUBE(3.000000e-01) 6.509646e+00 1.639897e-01 3.501100e+00 0.284718 0.764108 -0.578857 0.883464 0.025210 0.467821 0.372058 -0.644596 -0.667884  6.050197e-01 3.950765e-01 1.698343e-01
RCUBE(3.000000e-01) -5.813176e+00 -4.131245e+00 -1.822985e+00 0.792001 0.604357 0.086524 0.557606 -0.773770 0.300593 0.248615 -0.189824 -0.949820  3.402322e-01 2.795825e-01 7.198524e-01
RCUBE(3.000000e-01) 3.312878e-01 -2.797116e+00 -6.831754e+00 -0.315838 0.873985 -0.369320 -0.074488 0.365202 0.927943 0.945885 0.320590 -0.050243  5.870604e-01 2.662582e-01 5.301086e-01
RCUBE(3.000000e-01) 6.343091e+00 -1.660617e-01 -1.056495e+00 -0.994292 -0.067386 -0.082719 -0.106526 0.670190 0.734505 0.005942 0.739124 -0.673543  9.068856e-01 2.070459e-01 1.639345e-01
RCUBE(3.000000e-01) 5.116903e+00 3.200427e-01 -4.009539e+00 -0.350284 -0.193209 0.916499 0.071514 0.970120 0.231845 -0.933909 0.146755 -0.326001  4.645577e-01 6.013348e-01 3.733679e-01
RCUBE(3.000000e-01) 5.096069e+00 -1.725910e+00 1.151743e+00 -0.988470 0.059054 -0.139425 0.140123 0.705706 -0.694510 0.057379 -0.706039 -0.705844  8.783593e-01 2.062674e-01 1.830218e-01
RCUBE(3.000000e-01) -6.375974e+00 -1.121663e-01 5.371563e-01 -0.817969 0.280489 -0.502247 -0.074033 -0.917143 -0.391623 -0.570478 -0.283152 0.770960  4.150574e-01 6.384603e-01 2.827278e-01
RCUBE(3.000000e-01) 1.577451e+00 -2.015152e+00 5.880052e+00 -0.984385 0.011643 0.175643 -0.151047 0.456509 -0.876803 -0.090391 -0.889643 -0.447622  7.131087e-01 3.845088e-01 2.958902e-01
RCUBE(3.000000e-01) 4.406116e+00 -3.556950e+00 2.978331e+00 -0.748977 -0.439633 0.495738 0.045542 0.712249 0.700448 -0.661029 0.547197 -0.513436  4.205349e-01 3.765919e-01 3.610345e-01
RCUBE(3.000000e-01) 4.537104e+00 -1.027355e+00 3.919741e-01 -0.170085 -0.606028 0.777046 -0.975923 -0.005672 -0.218040 0.136546 -0.795423 -0.590472  7.937192e-01 3.143945e-01 2.237777e-01
RCUBE(3.000000e-01) -3.526389e-01 1.573899e+00 -5.198131e+00 0.976579 0.214149 -0.020812 -0.193572 0.916712 0.349526 0.093929 -0.337311 0.936695  6.149739e-01 3.365338e-01 4.615017e-01
RCUBE(3.000000e-01) -1.937968e+00 -6.009900e+00 3.844231e+00 -0.785191 0.492455 0.375452 -0.561110 -0.309291 -0.767785 -0.261975 -0.813528 0.519174  4.152879e-01 4.680411e-01 3.816424e-01
RCUBE(3.000000e-01) 2.386142e+00 4.373012e+00 -4.055738e+00 0.122739 0.701065 0.702455 0.883690 -0.399350 0.244154 0.451693 0.590785 -0.668540  6.096525e-01 3.045461e-01 3.344259e-01
RCUBE(3.000000e-01) -2.698138e+00 5.011971e+00 4.717340e+00 -0.841765 -0.532983 0.085790 0.397584 -0.504565 0.766382 -0.365182 0.679222 0.636631  5.345307e-01 2.374385e-01 4.080262e-01
RCUBE(3.000000e-01) 5.128132e+00 -1.905241e+00 2.830238e-02 0.146016 0.605925 -0.782006 -0.985875 0.154676 -0.064233 0.082037 0.780340 0.619952  8.346755e-01 2.477585e-01 2.573087e-01
RCUBE(3.000000e-01) 2.666482e+00 2.795343e+00 -3.841620e+00 -0.568902 -0.414249 0.710456 0.798744 -0.484042 0.357366 0.195852 0.770779 0.606252  4.640615e-01 4.175411e-01 3.099752e-01
RCUBE(3.000000e-01) -2.209278e+00 -5.688362e-01 -5.056846e+00 0.412425 0.417101 0.809896 -0.109214 0.905253 -0.410595 -0.904421 0.080888 0.418903  5.580418e-01 5.601896e-01 2.138414e-01
RCUBE(3.000000e-01) -2.476195e-01 -1.558903e+00 7.217321e+00 0.021553 0.238113 -0.970998 -0.933045 0.353650 0.066013 0.359112 0.904563 0.229792  4.786526e-01 3.001928e-01 6.163405e-01
RCUBE(3.000000e-01) -6.112602e-01 7.412309e-01 2.163657e-01 0.564159 0.535837 -0.628175 0.824963 -0.334420 0.455630 0.034070 -0.775269 -0.630712  5.140464e-01 4.364127e-01 2.724270e-01
RCUBE(3.000000e-01) -3.202481e+00 3.712189e+00 -4.111948e+00 0.494394 -0.572380 0.654184 -0.224186 0.643170 0.732170 -0.839831 -0.508639 0.189659  5.409350e-01 2.498443e-01 3.864075e-01
RCUBE(3.000000e-01) 1.708458e+00 8.064938e-01 1.971869e+00 -0.442019 -0.426541 -0.789102 -0.014256 -0.876255 0.481637 -0.896892 0.224143 0.381241  5.689650e-01 5.199250e-01 2.639193e-01
RCUBE(3.000000e-01) 4.709238e+00 4.124823e+00 3.920090e+00 0.638947 0.588676 0.495184 0.760559 -0.579933 -0.291939 0.115316 0.563150 -0.818269  4.240988e-01 2.137310e-01 5.084533e-01
RCUBE(3.000000e-01) 1.226410e+00 -2.141849e+00 -5.886305e+00 0.131221 -0.235907 -0.962875 0.251591 0.947399 -0.197829 0.958897 -0.216292 0.183671  4.962089e-01 4.395502e-01 5.136625e-01
RCUBE(3.000000e-01) 4.885172e+00 -4.091867e+00 9.126948e-01 -0.667424 -0.695926 -0.265012 -0.738745 0.663595 0.117892 0.093816 0.274460 -0.957011  3.036646e-01 1.930643e-01 7.626895e-01
RCUBE(3.000000e-01) 1.800225e+00 -6.333195e+00 3.347339e+00 -0.878431 0.005312 0.477839 -0.219489 0.883737 -0.413319 -0.424480 -0.467953 -0.775137  5.372135e-01 5.493805e-01 2.445620e-01
RCUBE(3.000000e-01) 3.673462e+00 6.236769e+00 -1.454978e+00 0.898853 -0.420652 0.122942 -0.021726 0.237415 0.971165 -0.437711 -0.875606 0.204263  4.321887e-01 3.095381e-01 6.706076e-01
RCUBE(3.000000e-01) 1.098870e-03 6.192299e+00 -1.637067e+00 0.050627 -0.923831 0.379438 -0.929352 0.095541 0.356618 -0.365706 -0.370686 -0.853728  5.689931e-01 5.526844e-01 2.561083e-01
RCUBE(3.000000e-01) 2.078394e+00 2.501591e+00 -6.627658e+00 0.833156 -0.553037 -0.001172 0.258763 0.391700 -0.882957 0.488766 0.735338 0.469453  4.761934e-01 2.241740e-01 5.784607e-01
RCUBE(3.000000e-01) -5.743615e-01 -2.389479e+00 -3.074964e+00 -0.703874 0.679326 0.207550 0.574379 0.372418 0.728968 0.417911 0.632314 -0.652326  3.586828e-01 3.403211e-01 3.919930e-01
RCUBE(3.000000e-01) -7.173482e-01 7.115076e+00 -1.828118e+00 -0.060615 0.959039 -0.276712 -0.929734 -0.155122 -0.333963 -0.363208 0.237026 0.901054  4.907491e-01 5.928925e-01 3.576362e-01
RCUBE(3.000000e-01) -2.741616e+00 9.990336e-01 6.792828e+00 -0.846922 0.363434 -0.388123 0.386191 0.922184 0.020816 0.365486 -0.132260 -0.921372  2.729247e-01 5.602983e-01 5.579647e-01
RCUBE(3.000000e-01) -3.502059e+00 2.921344e+00 3.047098e+00 0.036474 -0.543392 0.838687 -0.501367 0.716032 0.485727 -0.864466 -0.438206 -0.246322  5.497484e-01 1.943662e-01 4.991245e-01
RCUBE(3.000000e-01) 3.863891e+00 -5.793734e-01 -6.260135e+00 -0.541664 -0.019576 0.840367 -0.831353 0.160320 -0.532118 -0.124311 -0.986871 -0.103114  2.632562e-01 7.850394e-01 3.239181e-01
RCUBE(3.000000e-01) -4.330828e+00 5.465716e+00 2.458407e+00 -0.078371 0.356143 -0.931139 0.806119 0.572166 0.150994 0.586541 -0.738775 -0.331935  4.059457e-01 1.708383e-01 6.807716e-01
RCUBE(3.000000e-01) 5.362579e-01 7.567245e-01 -2.030922e-01 -0.048299 -0.852839 0.519936 0.556946 -0.455104 -0.694760 0.829143 0.256020 0.496966  4.938742e-01 5.379778e-01 1.766276e-01
RCUBE(3.000000e-01) -5.295170e-01 -4.747207e+00 4.268883e+00 0.812684 -0.408349 -0.415687 0.582693 0.573961 0.575359 0.003641 -0.709803 0.704391  5.023537e-01 3.621471e-01 3.556932e-01
RCUBE(3.000000e-01) 2.991436e-01 1.362385e+00 -7.243628e+00 -0.400025 -0.901148 -0.167067 -0.068007 -0.152600 0.985945 -0.913978 0.405765 -0.000241  4.064924e-01 3.056772e-01 6.770246e-01
RCUBE(3.000000e-01) 1.198797e+00 5.245018e+00 -1.405977e+00 -0.750363 -0.191516 -0.632675 0.128410 0.896646 -0.423718 0.648434 -0.399184 -0.648217  3.775932e-01 6.314301e-01 2.084291e-01
RCUBE(3.000000e-01) -3.336255e+00 -5.761848e+00 3.252142e-01 0.959636 0.232108 0.158820 -0.276487 0.675165 0.683891 0.051507 -0.700198 0.712088  7.719263e-01 2.433440e-01 2.721048e-01
RCUBE(3.000000e-01) 8.514218e-01 1.602303e+00 -1.841128e+00 0.589155 -0.492812 0.640338 -0.529864 -0.833929 -0.154291 0.610033 -0.248391 -0.752437  2.140863e-01 5.314932e-01 4.109208e-01
RCUBE(3.000000e-01) -2.752285e+00 -2.305868e-01 -6.845444e+00 -0.886235 0.343632 0.310651 -0.360016 -0.088924 -0.928699 -0.291506 -0.934885 0.202521  3.693412e-01 5.504665e-01 5.306342e-01
RCUBE(3.000000e-01) 1.118995e+00 2.423385e+00 -3.598631e+00 -0.434730 -0.385333 0.813958 0.246914 0.818198 0.519216 -0.866050 0.426697 -0.260551  5.264848e-01 4.204719e-01 4.105427e-01
RCUBE(3.000000e-01) -6.243063e+00 1.215600e+00 -8.591293e-01 0.958826 0.274084 0.074363 0.024348 0.181548 -0.983081 -0.282947 0.944414 0.167400  4.645615e-01 3.566256e-01 5.737438e-01
RCUBE(3.000000e-01) -4.424632e+00 -1.444230e+00 -4.424972e+00 -0.693398 -0.342599 -0.633897 -0.130293 -0.805618 0.577931 -0.708677 0.483328 0.513975  3.511628e-01 4.910292e-01 2.350931e-01
RCUBE(3.000000e-01) 1.085210e+00 4.367738e+00 4.516715e-01 0.010835 0.965302 0.260913 0.909633 0.098847 -0.403482 -0.415272 0.241706 -0.876999  4.640631e-01 6.462059e-01 2.911903e-01
RCUBE(3.000000e-01) -1.423714e-01 5.283051e+00 1.382544e+00 -0.243041 0.904412 0.350672 -0.680897 -0.416543 0.602388 0.690877 -0.092366 0.717048  3.088238e-01 6.460152e-01 3.117638e-01
RCUBE(3.000000e-01) -4.381032e+00 1.805792e+00 -2.760236e+00 -0.585492 0.549389 -0.596130 0.173351 0.803185 0.569951 0.791927 0.230361 -0.565495  4.673847e-01 4.842399e-01 2.070050e-01
RCUBE(3.000000e-01) 4.356859e+00 7.529037e-01 -7.807586e-01 -0.999063 -0.041005 0.013845 0.026425 -0.324602 0.945482 -0.034275 0.944961 0.325381  6.349941e-01 3.352881e-01 3.488846e-01
RCUBE(3.000000e-01) -2.067359e+00 7.078160e+00 -4.656082e-01 0.462099 0.061702 -0.884679 -0.281506 0.956189 -0.080351 0.840963 0.286173 0.459224  2.363054e-01 6.656700e-01 4.570964e-01
RCUBE(3.000000e-01) -1.787893e+00 2.976921e+00 -4.477507e+00 0.265017 0.680153 -0.683490 0.361120 -0.727257 -0.583686 -0.894069 -0.092135 -0.438352  6.259039e-01 3.307927e-01 2.336616e-01
RCUBE(3.000000e-01) 2.822249e+00 -4.771378e+00 -2.739449e+00 -0.384639 -0.162575 0.908637 0.510408 -0.857650 0.062611 0.769114 0.487858 0.412865  2.038796e-01 4.905028e-01 6.081264e-01
RCUBE(3.000000e-01) -2.608209e+00 6.593655e+00 -2.076114e+00 0.367601 -0.167826 -0.914715 0.863139 0.427731 0.268397 0.346209 -0.888189 0.302092  4.040542e-01 4.819023e-01 5.564175e-01
RCUBE(3.000000e-01) 2.994973e+00 -2.883372e+00 -4.858048e+00 -0.073253 -0.914281 0.398402 0.482133 -0.382158 -0.788355 0.873030 0.134333 0.468799  5.047981e-01 6.052911e-01 2.070364e-01
RCUBE(3.000000e-01) -3.726189e+00 2.695189e+00 -4.469909e+00 -0.435572 0.605678 0.665907 0.448154 -0.495656 0.743964 0.780663 0.622479 -0.055543  4.567688e-01 2.805496e-01 4.053194e-01
RCUBE(3.000000e-01) -3.212818e+00 -6.376741e+00 1.914924e+00 -0.182961 0.356811 0.916084 -0.884908 0.346202 -0.311579 -0.428326 -0.867657 0.252404  4.700457e-01 4.162974e-01 5.584420e-01
RCUBE(3.000000e-01) 3.626970e+00 -4.210833e+00 -3.240002e-01 0.573821 -0.736763 -0.357645 -0.806109 -0.585220 -0.087779 -0.144629 0.338670 -0.929723  4.079555e-01 1.642669e-01 6.780972e-01
RCUBE(3.000000e-01) -4.300786e+00 3.287333e+00 1.109670e+00 0.392233 -0.816925 -0.422831 -0.018351 0.452625 -0.891512 0.919683 0.357440 0.162543  5.930525e-01 2.579602e-01 5.192266e-01
RCUBE(3.000000e-01) -2.283898e+00 -7.015903e+00 3.046607e-01 -0.626739 0.200681 -0.752945 -0.351734 -0.935086 0.043552 -0.695328 0.292132 0.656641  1.622666e-01 7.062223e-01 3.421758e-01
RCUBE(3.000000e-01) -6.379473e+00 3.578275e+00 -8.994852e-01 -0.861406 0.507867 -0.007208 0.432905 0.741536 0.512560 0.265658 0.438402 -0.858621  5.304770e-01 2.338000e-01 5.247146e-01
RCUBE(3.000000e-01) -7.612919e-01 8.234414e-01 5.350978e+00 -0.879552 -0.441332 -0.177805 0.244125 -0.097830 -0.964796 0.408401 -0.891995 0.193787  3.629565e-01 4.184915e-01 6.563734e-01
RCUBE(3.000000e-01) -1.444270e+00 1.761309e+00 -6.003320e+00 -0.974896 -0.218159 0.044550 0.142070 -0.455402 0.878877 -0.171447 0.863143 0.474963  7.038927e-01 3.125510e-01 3.945518e-01
RCUBE(3.000000e-01) 5.967598e+00 8.407822e-01 2.800253e+00 0.197576 0.620084 0.759250 0.936438 0.109668 -0.333251 -0.289909 0.776833 -0.559002  6.949484e-01 3.367946e-01 2.851396e-01
RCUBE(3.000000e-01) 3.376871e-01 1.100029e+00 3.453635e+00 0.629924 0.363047 0.686580 -0.710213 -0.088498 0.698402 0.314314 -0.927559 0.202094  2.840812e-01 6.929729e-01 2.982724e-01
RCUBE(3.000000e-01) -3.459041e+00 5.828916e+00 2.946393e+00 -0.187324 -0.543896 0.817977 -0.860766 -0.310321 -0.403464 0.473277 -0.779666 -0.410037  5.302478e-01 3.550245e-01 4.414537e-01
RCUBE(3.000000e-01) 3.168899e+00 -4.495327e+00 -3.651629e+00 0.686906 -0.714296 0.133944 0.638252 0.681070 0.358857 -0.347555 -0.161011 0.923732  2.528145e-01 3.191103e-01 6.855002e-01
RCUBE(3.000000e-01) 2.096075e+00 -3.855313e+00 1.586390e+00 -0.583431 0.749111 0.313753 0.121652 -0.301353 0.945720 0.803000 0.589931 0.084688  3.843169e-01 1.676939e-01 7.132825e-01
RCUBE(3.000000e-01) 2.409321e+00 1.149089e+00 -2.836887e+00 0.536409 -0.036683 -0.843160 0.369661 0.908333 0.195656 0.758693 -0.416636 0.500799  2.138597e-01 6.163828e-01 4.706557e-01
RCUBE(3.000000e-01) -8.946039e-01 3.739147e+00 3.975602e+00 0.771378 0.122331 0.624509 0.434124 -0.818703 -0.375849 0.465309 0.561036 -0.684636  4.199261e-01 4.979194e-01 2.763841e-01
RCUBE(3.000000e-01) -2.387572e+00 2.197322e+00 5.520786e+00 -0.893866 -0.348851 -0.281615 -0.372652 0.228878 0.899303 -0.249268 0.908800 -0.334586  4.660474e-01 5.120710e-01 4.831449e-01
RCUBE(3.000000e-01) -7.300506e+00 -2.675995e-01 1.112434e+00 0.047995 -0.992998 -0.107942 -0.985855 -0.064467 0.154706 -0.160582 0.098990 -0.982046  4.394173e-01 4.901909e-01 3.985059e-01
RCUBE(3.000000e-01) -8.101713e-01 2.052423e+00 1.644581e+00 -0.737394 0.101124 -0.667850 0.437454 -0.681867 -0.586252 -0.514669 -0.724452 0.458567  4.042568e-01 3.875465e-01 3.283197e-01
RCUBE(3.000000e-01) -6.809566e+00 -2.757257e+00 -2.923435e-01 0.022704 -0.993860 0.108288 -0.996027 -0.031817 -0.083178 0.086113 -0.105969 -0.990634  4.532278e-01 4.329974e-01 3.842454e-01
RCUBE(3.000000e-01) 1.611603e+00 -4.365811e+00 -1.267565e+00 -0.677223 0.560441 0.476734 -0.620334 -0.783335 0.039663 0.395671 -0.268873 0.878152  2.407038e-01 4.218333e-01 5.923011e-01
RCUBE(3.000000e-01) -1.444148e+00 -3.866688e+00 -3.909899e+00 0.376120 -0.913520 -0.154965 0.483785 0.050977 0.873701 -0.790244 -0.403586 0.461121  2.225129e-01 6.025866e-01 5.053943e-01
RCUBE(3.000000e-01) 1.093261e-01 -5.407332e+00 -7.830533e-01 0.818852 -0.404311 -0.407447 -0.367353 0.176302 -0.913219 0.441059 0.897469 -0.004160  2.686784e-01 5.339386e-01 5.752050e-01
RCUBE(3.000000e-01) -6.050142e-01 1.148363e+00 -1.630004e+00 -0.709532 0.010935 0.704588 0.473799 0.747531 0.465523 -0.521611 0.664137 -0.535578  3.724762e-01 4.188018e-01 3.674141e-01
RCUBE(3.000000e-01) -1.683267e+00 -6.038344e+00 -3.904661e+00 0.895767 0.030732 -0.443460 -0.368110 0.610522 -0.701255 0.249191 0.791403 0.558198  6.191786e-01 4.185153e-01 1.849422e-01
RCUBE(3.000000e-01) -2.918453e+00 6.667369e+00 1.226510e+00 -0.724634 -0.384061 0.572191 -0.590525 -0.081937 -0.802849 0.355227 -0.919665 -0.167423  1.786840e-01 6.598498e-01 4.147720e-01
RCUBE(3.000000e-01) 7.343390e+00 8.019303e-01 -8.877269e-02 0.050672 -0.551691 -0.832508 -0.050841 0.831073 -0.553834 0.997420 0.070390 0.014064  8.308770e-01 2.436632e-01 2.637641e-01
RCUBE(3.000000e-01) 1.807318e+00 5.258081e+00 4.741954e-01 -0.147174 0.921783 0.358687 0.791181 0.327344 -0.516603 -0.593610 0.207756 -0.777473  3.599215e-01 6.541783e-01 3.222871e-01
RCUBE(3.000000e-01) -2.253816e+00 5.372416e-01 -4.991503e+00 0.926332 0.009981 -0.376575 0.165954 -0.908231 0.384156 -0.338182 -0.418351 -0.842980  5.811473e-01 5.300543e-01 2.909865e-01
RCUBE(3.000000e-01) 6.758794e-01 -6.242847e+00 -1.352087e+00 0.999718 -0.015915 0.017606 0.018751 0.074930 -0.997013 0.014548 0.997062 0.075207  4.314976e-01 3.833404e-01 3.809429e-01
RCUBE(3.000000e-01) -1.662897e+00 3.044089e-01 5.214364e+00 -0.418421 0.892584 -0.167980 -0.725424 -0.439717 -0.529537 -0.546520 -0.099713 0.831489  1.589200e-01 5.993408e-01 4.735702e-01
RCUBE(3.000000e-01) 3.442776e+00 -6.390214e+00 -1.394991e+00 0.085604 0.238008 -0.967483 0.879908 0.437450 0.185471 0.467370 -0.867173 -0.171978  4.021938e-01 3.443900e-01 6.805544e-01
RCUBE(3.000000e-01) -2.104317e+00 -3.001590e+00 -5.624094e+00 -0.590550 -0.240885 -0.770211 -0.084099 -0.930845 0.355606 -0.802607 0.274777 0.529452  3.790720e-01 6.727176e-01 2.833197e-01
RCUBE(3.000000e-01) -5.327678e+00 -2.404609e+00 2.666624e+00 -0.637825 0.434306 -0.636049 -0.767579 -0.426286 0.478646 -0.063260 0.793510 0.605260  4.300332e-01 4.690740e-01 2.619512e-01
RCUBE(3.000000e-01) 9.461448e-01 1.214937e+00 2.587474e+00 0.009384 -0.975743 0.218716 0.598678 0.180675 0.780347 -0.800935 0.123618 0.585851  3.227324e-01 7.899672e-01 2.176286e-01
RCUBE(3.000000e-01) -7.411981e-01 -4.823949e+00 -2.413911e+00 0.813948 -0.419590 0.401786 -0.550962 -0.338258 0.762904 -0.184200 -0.842333 -0.506503  4.504343e-01 5.062580e-01 3.421277e-01
RCUBE(3.000000e-01) 1.972889e+00 3.587520e+00 1.905091e+00 -0.863761 0.486734 -0.130409 0.391449 0.811107 0.434595 0.317308 0.324338 -0.891135  4.879216e-01 3.462718e-01 5.534359e-01
RCUBE(3.000000e-01) -1.332615e+00 -5.085429e+00 3.688472e+00 0.651684 0.546931 0.525523 -0.026627 -0.675930 0.736485 0.758023 -0.493949 -0.425929  4.309986e-01 3.337100e-01 4.034905e-01
RCUBE(3.000000e-01) -5.102616e+00 -9.342083e-01 -3.788886e+00 -0.190616 -0.751444 0.631662 0.886884 0.144023 0.438969 -0.420835 0.643886 0.638991  6.142957e-01 3.854676e-01 2.157351e-01
RCUBE(3.000000e-01) -3.714293e-01 4.248897e+00 -4.871150e+00 0.947005 0.077841 -0.311645 -0.267226 0.729281 -0.629873 0.178247 0.679772 0.711434  7.356521e-01 2.826384e-01 2.289308e-01
RCUBE(3.000000e-01) 2.968980e+00 3.500583e+00 1.293572e+00 -0.038900 0.412078 0.910318 0.897132 -0.386786 0.213425 0.440046 0.824978 -0.354643  5.312037e-01 2.997207e-01 5.658842e-01
RCUBE(3.000000e-01) -4.617748e+00 5.726505e+00 -6.292481e-01 0.570788 -0.816638 0.085464 -0.814008 -0.576434 -0.071520 0.107671 -0.028746 -0.993771  2.456958e-01 2.690383e-01 8.357994e-01
RCUBE(3.000000e-01) -2.802650e+00 3.083891e+00 -4.858883e+00 -0.857803 -0.495185 0.137715 0.373007 -0.415427 0.829630 -0.353610 0.763028 0.541062  5.268804e-01 3.186125e-01 4.693540e-01
RCUBE(3.000000e-01) 2.819244e+00 -1.490505e+00 1.951645e+00 -0.114328 0.741858 -0.660739 0.091720 -0.654377 -0.750585 -0.989200 -0.146416 0.006770  8.719742e-01 1.771684e-01 2.378558e-01
RCUBE(3.000000e-01) -3.111934e-01 -5.195707e+00 1.508353e+00 0.085789 0.933782 -0.347406 -0.544914 0.335893 0.768274 0.834092 0.123397 0.537647  4.345013e-01 6.700685e-01 1.831600e-01
RCUBE(3.000000e-01) 7.454582e-01 2.454411e+00 -1.066850e+00 0.708234 0.372184 0.599904 -0.008300 -0.845300 0.534227 0.705929 -0.383337 -0.595581  3.502949e-01 5.490638e-01 1.942236e-01
RCUBE(3.000000e-01) 3.045590e-01 -7.301307e+00 1.069765e+00 0.009244 0.993799 -0.110810 0.549786 -0.097614 -0.829582 -0.835254 -0.053253 -0.547279  2.947834e-01 8.149948e-01 2.354216e-01
RCUBE(3.000000e-01) -2.105010e+00 -3.852897e+00 3.520107e-01 -0.265965 -0.728583 0.631212 0.946207 -0.322477 0.026468 0.184267 0.604297 0.775158  7.251851e-01 1.889957e-01 3.500744e-01
RCUBE(3.000000e-01) -1.880587e+00 3.179073e+00 4.042348e+00 0.389036 -0.292325 -0.873611 0.162861 -0.911556 0.377547 -0.906712 -0.289157 -0.307020  5.143729e-01 5.285320e-01 4.091926e-01
RCUBE(3.000000e-01) 5.916106e+00 3.760717e+00 -2.193236e+00 0.069274 -0.380599 -0.922142 -0.714723 0.625942 -0.312039 0.695969 0.680692 -0.228661  2.991686e-01 2.129759e-01 6.815014e-01
RCUBE(3.000000e-01) 2.800950e-01 5.403605e+00 -9.094041e-01 0.585204 -0.099667 0.804737 -0.293783 -0.951054 0.095851 0.755796 -0.292511 -0.585842  1.622539e-01 7.244988e-01 3.785112e-01
RCUBE(3.000000e-01) 5.138848e+00 -1.092591e+00 -1.733318e+00 -0.993716 0.103149 -0.043462 -0.070216 -0.876848 -0.475613 -0.087168 -0.469573 0.878580  7.502634e-01 3.058215e-01 3.220733e-01
RCUBE(3.000000e-01) 3.483877e+00 -5.261228e+00 -1.119813e+00 0.762898 0.542917 0.351038 -0.578581 0.331037 0.745425 0.288497 -0.771787 0.566669  4.041932e-01 4.192006e-01 3.741156e-01
RCUBE(3.000000e-01) -4.007699e+00 1.497528e+00 -4.776541e+00 -0.635224 -0.665579 0.391784 0.498402 -0.740780 -0.450377 0.589988 -0.090825 0.802288  2.481765e-01 3.930460e-01 4.840859e-01
RCUBE(3.000000e-01) 4.546930e+00 1.875012e-01 -3.163023e+00 -0.908704 0.186737 -0.373344 -0.087897 -0.959906 -0.266184 -0.408082 -0.209067 0.888685  4.539442e-01 6.242361e-01 3.660297e-01
RCUBE(3.000000e-01) 7.343709e+00 -7.266677e-01 -3.069168e-01 -0.996667 0.054355 0.060832 -0.080824 -0.556781 -0.826718 -0.011066 -0.828879 0.559318  8.329433e-01 2.673904e-01 2.402298e-01
RCUBE(3.000000e-01) -4.731236e+00 2.114008e+00 -1.663974e+00 0.761910 -0.450581 0.465264 -0.135132 -0.813130 -0.566179 0.633429 0.368505 -0.680420  4.091836e-01 4.918390e-01 2.623235e-01
RCUBE(3.000000e-01) -3.734257e-01 1.289904e+00 6.276580e+00 -0.088051 -0.282354 -0.955261 0.451661 -0.866056 0.214356 -0.887834 -0.412580 0.203786  4.382902e-01 3.501709e-01 6.452455e-01
RCUBE(3.000000e-01) -5.549235e+00 -3.872489e-01 1.075132e+00 -0.240796 -0.967588 -0.076092 -0.876718 0.250475 -0.410644 0.416393 -0.032170 -0.908615  2.755323e-01 6.530199e-01 4.591709e-01
RCUBE(3.000000e-01) -3.915824e+00 -4.192868e+00 2.984797e+00 0.512222 0.856840 -0.058774 -0.739155 0.404952 -0.538205 -0.437355 0.319123 0.840762  2.615464e-01 5.294063e-01 4.972135e-01
RCUBE(3.000000e-01) 5.392669e+00 1.151271e-01 3.500971e+00 -0.918034 -0.069119 -0.390431 -0.164900 -0.828936 0.534484 -0.360586 0.555056 0.749594  6.434639e-01 4.459195e-01 1.867648e-01
RCUBE(3.000000e-01) 1.271187e+00 4.391086e+00 -6.902942e-01 -0.547072 0.135831 0.825991 0.117506 0.989438 -0.084882 -0.828797 0.050622 -0.557255  2.930280e-01 8.042517e-01 2.735569e-01
RCUBE(3.000000e-01) -1.284670e+00 -1.016545e+00 -5.281167e+00 -0.270708 -0.922799 0.274150 -0.890935 0.348031 0.291735 -0.364626 -0.165275 -0.916369  4.231104e-01 5.301554e-01 5.099728e-01
RCUBE(3.000000e-01) 4.419250e+00 3.342229e+00 -3.414492e-01 0.150620 -0.284512 -0.946766 0.553647 0.817694 -0.157646 0.819017 -0.500429 0.280680  3.521851e-01 3.477415e-01 6.876018e-01
RCUBE(3.000000e-01) 4.701833e+00 -5.046413e-01 -4.564041e+00 0.929363 -0.348029 0.123130 0.240959 0.319178 -0.916550 0.279685 0.881477 0.380492  5.527469e-01 3.888204e-01 5.130987e-01
RCUBE(3.000000e-01) 6.160866e+00 1.655212e+00 -8.959573e-01 -0.046403 0.943050 0.329398 0.051105 0.331563 -0.942048 -0.997615 -0.026880 -0.063580  6.373018e-01 3.612718e-01 3.449200e-01
RCUBE(3.000000e-01) 3.972230e+00 6.510079e-02 -2.328587e+00 -0.914389 0.152953 -0.374832 0.400896 0.213224 -0.890964 -0.056352 -0.964956 -0.256288  4.582766e-01 6.301581e-01 3.458728e-01
RCUBE(3.000000e-01) -1.268588e+00 -3.860127e+00 -2.025312e+00 0.544606 0.777710 -0.313960 0.787176 -0.603165 -0.128635 -0.289411 -0.177086 -0.940682  3.358552e-01 3.068510e-01 6.976111e-01
RCUBE(3.000000e-01) 1.127727e+00 -5.262752e+00 -1.221292e+00 0.678625 -0.587596 -0.440681 0.637436 0.769242 -0.044077 0.364890 -0.250994 0.896581  2.462279e-01 3.937630e-01 6.270754e-01
RCUBE(3.000000e-01) -6.165560e+00 -3.923045e+00 9.872498e-01 -0.589582 0.806315 -0.047425 0.804802 0.581471 -0.119102 -0.068457 -0.108388 -0.991749  2.513861e-01 2.628202e-01 8.378138e-01
RCUBE(3.000000e-01) -4.046801e-01 4.259082e+00 4.825896e+00 -0.488621 -0.644960 0.587602 0.823456 -0.563501 0.066239 0.288393 0.516230 0.806434  5.057354e-01 2.086151e-01 4.777278e-01
RCUBE(3.000000e-01) 1.162250e+00 -9.407521e-01 -1.235333e+00 -0.762909 -0.270085 -0.587388 0.356400 0.582336 -0.730660 0.539397 -0.766772 -0.348011  4.095859e-01 4.159365e-01 3.551543e-01
RCUBE(3.000000e-01) -3.118666e+00 3.186678e-01 3.895985e+00 -0.393474 0.141544 0.908374 -0.895678 -0.281734 -0.344075 0.207218 -0.948995 0.237633  4.081291e-01 5.925653e-01 4.581348e-01
RCUBE(3.000000e-01) 1.859371e+00 -3.088369e+00 -2.880141e+00 0.840549 0.382113 0.384014 0.146040 0.522788 -0.839860 -0.521679 0.762025 0.383625  4.947311e-01 3.227154e-01 4.933406e-01
RCUBE(3.000000e-01) 2.510381e+00 -2.469385e+00 5.349057e+00 0.845944 0.436395 -0.306494 0.503011 -0.462126 0.730356 0.177085 -0.772010 -0.610444  5.314744e-01 3.974520e-01 3.137660e-01
RCUBE(3.000000e-01) 4.670339e-01 -5.466041e-01 -6.387695e+00 0.732611 -0.680174 -0.025381 -0.664135 -0.722505 0.192125 -0.149017 -0.123897 -0.981042  2.386709e-01 2.019549e-01 8.408096e-01
RCUBE(3.000000e-01) -2.288665e+00 5.990163e+00 5.159876e-01 -0.467815 0.064310 -0.881484 0.878170 0.146475 -0.455370 0.099830 -0.987122 -0.124998  3.271456e-01 7.264041e-01 3.495797e-01
RCUBE(3.000000e-01) 3.247525e+00 -6.601940e+00 6.457700e-01 -0.819224 -0.493795 -0.291613 -0.304725 -0.055947 0.950796 -0.485813 0.867777 -0.104638  2.283627e-01 4.470915e-01 6.741464e-01
RCUBE(3.000000e-01) -3.201077e+00 4.460771e+00 -2.261963e-01 -0.425829 -0.451043 -0.784366 0.681519 0.410320 -0.605945 0.595148 -0.792589 0.132668  2.628446e-01 4.582659e-01 4.449900e-01
RCUBE(3.000000e-01) -3.027681e+00 -5.001428e-01 2.385683e+00 -0.979030 -0.033215 -0.200989 -0.022589 0.998234 -0.054936 0.202459 -0.049244 -0.978052  3.922729e-01 5.319689e-01 3.724935e-01
RCUBE(3.000000e-01) -2.673656e+00 -2.490494e-01 5.281563e+00 -0.767506 -0.039323 0.639835 0.313663 -0.893509 0.321338 0.559062 0.447321 0.698107  3.843739e-01 6.191402e-01 2.606940e-01
RCUBE(3.000000e-01) 1.474596e+00 2.372323e+00 6.057646e+00 -0.520513 0.723785 0.452991 0.486940 0.687421 -0.538833 -0.701395 -0.059890 -0.710252  3.640140e-01 3.906250e-01 3.752472e-01
RCUBE(3.000000e-01) 5.066273e+00 1.996436e+00 9.370132e-01 -0.949427 -0.269822 -0.160576 -0.229319 0.246538 0.941611 -0.214479 0.930814 -0.295945  5.245199e-01 4.487454e-01 4.943321e-01
RCUBE(3.000000e-01) -5.741173e+00 -2.274896e+00 -3.954112e+00 0.154874 0.750875 -0.642029 -0.979661 0.200651 -0.001652 0.127584 0.629227 0.766679  8.237297e-01 1.972297e-01 2.792479e-01
RCUBE(3.000000e-01) 2.840990e+00 -4.819420e+00 2.035009e-01 -0.161510 0.310163 -0.936864 -0.611341 0.713793 0.341704 0.774711 0.627932 0.074330  3.652740e-01 1.990023e-01 7.051515e-01
RCUBE(3.000000e-01) -3.149393e+00 5.517426e+00 1.097354e+00 -0.217949 0.444137 -0.869046 0.759503 0.636393 0.134760 0.612906 -0.630672 -0.476024  4.042595e-01 2.457376e-01 5.838362e-01
RCUBE(3.000000e-01) -4.444430e+00 6.289837e-01 7.793677e-01 -0.987243 0.134742 0.084828 -0.148831 -0.970249 -0.190961 0.056574 -0.201150 0.977925  5.139436e-01 3.979147e-01 4.607582e-01
RCUBE(3.000000e-01) 4.725474e+00 3.186619e+00 -4.705979e+00 -0.117762 -0.777434 -0.617842 -0.638048 -0.417515 0.646975 -0.760938 0.470402 -0.446872  4.219668e-01 4.465197e-01 2.757737e-01
RCUBE(3.000000e-01) -3.934221e+00 -4.870617e+00 -1.453719e+00 0.620290 0.784283 -0.011841 -0.783905 0.619329 -0.043863 -0.027067 0.036489 0.998967  1.992512e-01 2.069189e-01 8.999741e-01
RCUBE(3.000000e-01) -3.324041e+00 -4.131636e+00 2.114927e+00 -0.740461 0.296775 -0.603027 -0.297397 -0.949289 -0.102009 -0.602721 0.103805 0.791171  1.541166e-01 7.272810e-01 3.671318e-01
RCUBE(3.000000e-01) 1.007467e+00 4.831175e+00 5.479781e+00 -0.982575 0.105093 0.153304 0.005621 -0.807626 0.589669 0.185783 0.580255 0.792962  8.062349e-01 3.109532e-01 2.233035e-01
RCUBE(3.000000e-01) 9.433315e-01 -5.473953e+00 -3.245616e+00 0.971295 -0.237863 0.002611 -0.228939 -0.937721 -0.261279 0.064597 0.253181 -0.965260  5.416939e-01 3.386295e-01 5.161496e-01
RCUBE(3.000000e-01) 6.597233e-01 -4.125188e+00 -1.899078e+00 0.234451 -0.077449 0.969038 0.675034 0.730283 -0.104953 -0.699543 0.678740 0.223497  1.869410e-01 2.752858e-01 7.992196e-01
RCUBE(3.000000e-01) 1.766549e-01 -5.138759e+00 -1.852491e+00 -0.340996 0.833248 0.435224 -0.879711 -0.446059 0.164743 0.331408 -0.326694 0.885121  5.079946e-01 3.818103e-01 5.215811e-01
RCUBE(3.000000e-01) -8.740867e-01 -1.919799e-01 -7.327809e+00 -0.179049 -0.002401 -0.983837 0.285515 0.956835 -0.054296 0.941500 -0.290622 -0.170635  3.382261e-01 4.626321e-01 5.823243e-01
RCUBE(3.000000e-01) 3.400960e+00 -1.477519e+00 -4.096363e+00 0.755494 0.257133 0.602587 0.314792 -0.949104 0.010326 0.574573 0.181888 -0.797987  2.151053e-01 7.214194e-01 3.680233e-01
RCUBE(3.000000e-01) 2.981248e+00 -1.230132e+00 -6.643396e+00 -0.290282 0.926898 -0.237898 -0.873783 -0.358100 -0.329042 -0.390179 0.112356 0.913858  3.767022e-01 5.557843e-01 5.164236e-01
RCUBE(3.000000e-01) -1.090831e+00 -5.413323e+00 -3.260559e+00 0.352303 0.803114 0.480510 0.837571 -0.499638 0.220990 0.417561 0.324605 -0.848689  4.686756e-01 3.904532e-01 4.927418e-01
RCUBE(3.000000e-01) 2.368961e+00 -5.685996e+00 1.819937e+00 -0.235031 0.176614 0.955807 -0.421852 0.867376 -0.264006 -0.875672 -0.465259 -0.129356  4.076951e-01 3.750119e-01 6.537806e-01
RCUBE(3.000000e-01) 2.494089e+00 5.175676e-01 3.776261e+00 0.746484 0.437200 -0.501616 -0.469751 0.880170 0.068078 0.471271 0.184815 0.862408  1.908179e-01 5.605467e-01 5.223182e-01
RCUBE(3.000000e-01) -1.217327e+00 -2.084366e+00 6.970487e+00 -0.543142 -0.775016 -0.323029 0.837062 -0.529930 -0.136020 -0.065765 -0.344273 0.936563  4.335121e-01 1.991597e-01 6.730143e-01
RCUBE(3.000000e-01) -1.137067e-01 -7.188011e+00 -1.729571e+00 -0.667686 0.185387 -0.720991 -0.744300 -0.147215 0.651418 0.014624 0.971576 0.236277  2.779932e-01 8.042712e-01 1.752611e-01
RCUBE(3.000000e-01) 2.842479e+00 7.756845e-01 2.326491e+00 0.422541 0.430233 0.797721 -0.041502 -0.870045 0.491222 0.905393 -0.240669 -0.349774  5.844919e-01 4.989833e-01 2.848373e-01
RCUBE(3.000000e-01) -3.480731e+00 4.783474e+00 -4.411468e+00 0.487709 -0.655050 0.577105 0.850470 0.505733 -0.144690 -0.197082 0.561377 0.803751  5.463949e-01 1.705801e-01 4.660256e-01
RCUBE(3.000000e-01) -3.042522e+00 -5.524059e+00 -7.433544e-01 0.799492 -0.592274 -0.100122 -0.415239 -0.665386 0.620353 -0.434038 -0.454393 -0.777906  4.720191e-01 2.489645e-01 4.378093e-01
RCUBE(3.000000e-01) 4.983416e+00 -1.971177e+00 -1.114880e+00 -0.164414 -0.581231 0.796956 0.304867 0.738449 0.601456 -0.938096 0.341853 0.055787  6.989776e-01 1.818401e-01 3.862620e-01
RCUBE(3.000000e-01) -5.635928e+00 -3.788269e+00 -2.868838e+00 -0.708027 -0.493102 -0.505517 0.554580 -0.831425 0.034261 -0.437194 -0.256092 0.862136  1.913825e-01 4.907551e-01 5.497504e-01
RCUBE(3.000000e-01) 3.146564e+00 -1.001985e-01 6.969779e-01 -0.222485 0.536827 0.813829 0.267135 -0.769237 0.580442 0.937624 0.346541 0.027738  6.850997e-01 2.505092e-01 3.949230e-01
RCUBE(3.000000e-01) -4.229703e-01 8.329736e-02 6.426346e+00 -0.730689 -0.652020 -0.202395 0.626541 -0.758185 0.180562 -0.271183 0.005126 0.962514  1.990987e-01 3.043544e-01 7.720890e-01
RCUBE(3.000000e-01) 3.553958e+00 -2.885828e+00 3.351488e+00 -0.430566 0.780721 0.452867 -0.014697 0.495627 -0.868411 -0.902439 -0.380564 -0.201926  5.869072e-01 2.409476e-01 5.070259e-01
RCUBE(3.000000e-01) 4.418612e-01 1.766300e+00 -6.149449e+00 0.054565 0.478172 -0.876570 -0.577853 -0.700813 -0.418266 -0.814315 0.529351 0.238073  4.613824e-01 1.744012e-01 5.801531e-01
RCUBE(3.000000e-01) 3.408482e-01 -2.811861e+00 -2.536401e+00 -0.455972 -0.645556 0.612656 -0.680046 -0.191354 -0.707758 0.574131 -0.739352 -0.351756  3.314123e-01 4.076293e-01 3.723689e-01
RCUBE(3.000000e-01) -4.714402e+00 -1.600379e+00 4.256688e+00 0.233919 0.971076 0.047894 -0.901293 0.235057 -0.363893 -0.364626 0.041955 0.930208  2.834193e-01 6.223673e-01 4.757989e-01
RCUBE(3.000000e-01) -3.613916e+00 2.106405e+00 -1.511681e+00 0.087472 0.737060 0.670143 0.816676 -0.438275 0.375440 0.570429 0.514449 -0.640276  5.043276e-01 3.841664e-01 3.224983e-01
RCUBE(3.000000e-01) -5.797376e-02 -5.406583e+00 3.307988e-01 0.803554 -0.077547 -0.590158 -0.582872 0.098482 -0.806574 0.120667 0.992113 0.033935  2.427991e-01 8.399407e-01 2.664267e-01
RCUBE(3.000000e-01) -5.262737e+00 -4.224444e+00 2.989747e+00 0.346739 -0.749885 -0.563422 0.633720 -0.255553 0.730131 -0.691499 -0.610217 0.386607  3.184914e-01 4.078052e-01 3.783847e-01
RCUBE(3.000000e-01) 2.498134e+00 3.641595e-01 1.460329e+00 0.050726 0.902512 -0.427667 0.436009 0.365243 0.822493 0.898512 -0.228189 -0.374975  5.404127e-01 5.507871e-01 3.058746e-01
RCUBE(3.000000e-01) -2.958866e+00 1.753558e-01 -2.113840e+00 0.934960 0.173465 -0.309450 -0.048970 -0.800840 -0.596873 -0.351357 0.573206 -0.740259  6.903592e-01 3.937368e-01 1.882102e-01
RCUBE(3.000000e-01) 2.112230e+00 -1.789409e+00 -6.842735e+00 -0.216950 0.245286 0.944864 -0.913344 -0.392665 -0.107778 0.344579 -0.886368 0.309219  4.854098e-01 3.806268e-01 5.865236e-01
RCUBE(3.000000e-01) -5.026501e+00 3.840737e+00 3.791617e+00 0.634123 -0.538338 -0.555050 -0.749396 -0.251018 -0.612695 0.190510 0.804476 -0.562605  4.153171e-01 4.908870e-01 2.311561e-01
RCUBE(3.000000e-01) -5.260961e+00 2.040706e+00 4.774329e+00 -0.710875 0.291152 0.640225 0.699734 0.200992 0.685547 0.070918 0.935325 -0.346609  2.910712e-01 7.102389e-01 2.119431e-01
RCUBE(3.000000e-01) 1.959271e+00 2.079577e+00 2.167741e+00 0.438021 0.440392 0.783704 0.068992 0.852746 -0.517750 -0.896313 0.280855 0.343137  5.802544e-01 4.805898e-01 2.926595e-01
RCUBE(3.000000e-01) -7.502782e-01 4.293148e+00 1.436133e+00 -0.440665 -0.409089 0.799038 0.896826 -0.239267 0.372095 0.038964 0.880567 0.472318  5.620592e-01 5.226701e-01 2.847928e-01
RCUBE(3.000000e-01) 8.961063e-01 6.263338e+00 -9.192841e-01 0.445289 -0.049241 0.894032 0.308489 0.945791 -0.101557 -0.840567 0.321022 0.436340  2.474728e-01 6.352918e-01 4.867406e-01
RCUBE(3.000000e-01) 2.140940e+00 -5.426508e+00 2.869406e+00 -0.704119 -0.326644 -0.630492 0.133057 0.811493 -0.569012 0.697504 -0.484544 -0.527926  3.615596e-01 4.998558e-01 2.257590e-01
RCUBE(3.000000e-01) -2.473984e+00 4.653535e+00 -3.687530e+00 -0.167293 0.779607 0.603511 0.389006 -0.510278 0.767001 0.905918 0.363084 -0.217906  6.275172e-01 3.590397e-01 3.274377e-01
RCUBE(3.000000e-01) 3.607280e+00 1.416187e+00 -4.480486e+00 -0.500021 0.104102 0.859734 0.747539 -0.449325 0.489176 0.437224 0.887282 0.146852  1.683033e-01 5.741434e-01 5.143200e-01
RCUBE(3.000000e-01) -6.134588e+00 5.553337e-01 1.696266e+00 0.988848 -0.069200 -0.131879 -0.067092 -0.997539 0.020361 -0.132963 -0.011286 -0.991057  3.734718e-01 4.751590e-01 4.170014e-01
