2000 α=0.2 
-11.000000 11.000000
-11.000000 11.000000
-11.000000 11.000000
RCUBE(2.000000e-01) -3.596593e+00 3.332535e+00 -5.297583e+00 0.624973 0.763015 0.164973 0.672977 -0.419510 -0.609190 -0.395613 0.491751 -0.775675  2.827407e-01 4.205257e-01 4.399700e-01
RCUBE(2.000000e-01) -5.184008e+00 3.784671e+00 -3.982626e-01 0.912454 0.302367 0.275685 0.402239 -0.539260 -0.739866 -0.075045 0.785985 -0.613674  6.453217e-01 3.827914e-01 2.620280e-01
RCUBE(2.000000e-01) -3.154286e+00 5.917676e-01 3.108882e+00 -0.347063 0.905938 -0.242536 -0.454220 -0.388629 -0.801656 -0.820507 -0.168061 0.546374  4.064129e-01 6.044795e-01 3.562564e-01
RCUBE(2.000000e-01) -6.959104e-01 -5.891049e+00 -2.078382e+00 -0.389561 -0.831516 -0.396010 -0.214846 0.500161 -0.838856 0.895591 -0.241704 -0.373491  5.641203e-01 4.062434e-01 4.257399e-01
RCUBE(2.000000e-01) 6.212751e+00 -1.211352e+00 6.044566e-01 0.172201 0.201664 -0.964198 0.984942 -0.050528 0.165338 -0.015376 -0.978151 -0.207328  5.178225e-01 4.819264e-01 3.630734e-01
RCUBE(2.000000e-01) 2.278842e-01 -2.036519e+00 3.163016e+00 -0.539297 0.088778 0.837423 -0.841650 -0.023786 -0.539499 -0.027977 -0.995767 0.087548  2.899417e-01 8.134610e-01 2.283908e-01
RCUBE(2.000000e-01) -3.113261e-01 -3.805722e+00 4.331516e+00 0.195615 -0.293568 0.935710 -0.932468 -0.351167 0.084763 0.303706 -0.889100 -0.342437  5.357088e-01 3.683760e-01 5.462406e-01
RCUBE(2.000000e-01) -8.640214e-01 6.121861e+00 -3.753453e+00 -0.964456 -0.232614 -0.125361 0.135042 -0.841671 0.522832 -0.227131 0.487319 0.843168  7.100847e-01 3.465539e-01 3.527003e-01
RCUBE(2.000000e-01) -2.621510e-01 -6.063539e+00 1.605632e+00 0.690673 -0.121507 -0.712887 -0.062010 0.972202 -0.225783 0.720504 0.200149 0.663939  2.371744e-01 8.095902e-01 2.069502e-01
RCUBE(2.000000e-01) -1.671140e+00 -2.596851e-01 5.006770e+00 0.287135 -0.935268 0.206950 -0.919786 -0.329531 -0.213082 0.267485 -0.129166 -0.954866  4.181820e-01 4.856380e-01 5.581557e-01
RCUBE(2.000000e-01) 2.171961e+00 5.691313e+00 3.870038e+00 0.529039 -0.564874 0.633273 0.364112 0.825175 0.431867 -0.766511 0.002108 0.642227  4.233815e-01 5.147200e-01 2.869040e-01
RCUBE(2.000000e-01) -1.383237e+00 3.260727e+00 -8.118550e-01 0.604626 -0.485344 -0.631561 -0.783395 -0.505647 -0.361405 -0.143941 0.713276 -0.685943  4.607363e-01 3.619399e-01 3.460354e-01
RCUBE(2.000000e-01) 2.161136e+00 -4.404354e+00 4.274891e+00 0.209414 -0.743870 -0.634667 0.832972 0.475666 -0.282665 0.512156 -0.469466 0.719234  5.183110e-01 3.656264e-01 3.193021e-01
RCUBE(2.000000e-01) 5.066757e+00 1.180798e+00 -1.148821e+00 -0.372989 0.239269 -0.896454 0.114413 -0.946942 -0.300349 -0.920754 -0.214593 0.325824  4.890787e-01 5.763357e-01 3.920498e-01
RCUBE(2.000000e-01) 1.398939e+00 -6.265814e-01 -9.483106e-01 0.799361 0.029471 -0.600127 0.589821 0.152007 0.793098 0.114597 -0.987940 0.104126  2.782853e-01 8.307345e-01 2.377484e-01
RCUBE(2.000000e-01) 3.186922e+00 -6.620941e-01 -1.239653e+00 0.235826 0.926566 -0.293020 0.648504 0.074517 0.757555 0.723760 -0.368676 -0.583309  2.502117e-01 6.830084e-01 3.371979e-01
RCUBE(2.000000e-01) 7.538903e-01 3.789193e+00 -6.113523e+00 0.084809 0.527482 -0.845322 -0.938909 -0.241695 -0.245016 -0.333552 0.814461 0.474760  6.591929e-01 3.143515e-01 4.169326e-01
RCUBE(2.000000e-01) 4.180178e+00 4.155311e+00 -4.157102e+00 -0.596922 -0.320068 -0.735690 0.541491 -0.837349 -0.075057 -0.592006 -0.443173 0.673147  1.984689e-01 5.369655e-01 3.879391e-01
RCUBE(2.000000e-01) -1.486518e+00 -2.971385e+00 5.347065e+00 0.516435 -0.770491 -0.373682 0.149532 0.510814 -0.846587 0.843170 0.381330 0.379015  4.932872e-01 3.302283e-01 5.003469e-01
RCUBE(2.000000e-01) -6.401363e+00 2.688848e-01 -1.160737e+00 0.309746 -0.950030 0.038748 -0.456566 -0.184357 -0.870379 0.834029 0.251905 -0.490855  2.984471e-01 6.629996e-01 4.396038e-01
RCUBE(2.000000e-01) -3.713069e+00 -4.194133e+00 -1.507888e+00 0.137867 0.989191 0.049946 -0.466760 0.020412 0.884148 0.873572 -0.145208 0.464529  2.677602e-01 7.341823e-01 3.645127e-01
RCUBE(2.000000e-01) -5.186847e-01 -2.845781e+00 -4.608506e+00 0.455558 0.624298 -0.634601 -0.865237 0.478176 -0.150710 0.209363 0.617737 0.758002  5.780570e-01 2.126013e-01 4.047890e-01
RCUBE(2.000000e-01) -4.233184e+00 7.638576e-01 -4.575607e+00 -0.398069 0.364448 0.841854 -0.873463 0.129888 -0.469245 -0.280362 -0.922121 0.266627  4.635988e-01 5.943241e-01 3.645866e-01
RCUBE(2.000000e-01) -3.190216e+00 -2.906255e+00 4.614766e+00 -0.976736 0.132039 -0.168972 0.214089 0.645719 -0.732948 0.012331 -0.752072 -0.658965  8.195833e-01 2.742192e-01 1.859882e-01
RCUBE(2.000000e-01) 1.884783e+00 1.927846e+00 -1.828103e-01 -0.487732 -0.797988 -0.354024 0.698616 -0.113595 -0.706422 0.523500 -0.591871 0.612891  3.443634e-01 4.819085e-01 3.660651e-01
RCUBE(2.000000e-01) -4.671323e+00 4.162896e+00 3.627565e+00 -0.072697 0.616981 -0.783613 0.641742 -0.572505 -0.510299 -0.763467 -0.539975 -0.354323  4.337022e-01 2.692185e-01 4.615857e-01
RCUBE(2.000000e-01) 3.719578e+00 -4.909033e+00 3.775217e+00 0.457928 -0.696528 0.552405 -0.737316 -0.644727 -0.201723 0.496656 -0.314922 -0.808800  3.721468e-01 3.008507e-01 4.867846e-01
RCUBE(2.000000e-01) -2.790975e+00 -6.655047e+00 -4.890475e-01 -0.661386 0.333904 -0.671622 0.645384 -0.202895 -0.736419 -0.382162 -0.920512 -0.081304  1.925044e-01 6.780045e-01 3.422963e-01
RCUBE(2.000000e-01) 7.129716e+00 3.211931e-01 1.178818e+00 0.984669 0.036599 0.170548 0.155210 -0.630010 -0.760918 0.079598 0.775724 -0.626033  8.385228e-01 2.785542e-01 1.790231e-01
RCUBE(2.000000e-01) -1.146735e+00 -1.224681e+00 -6.377315e+00 -0.624954 0.353034 0.696275 -0.745021 -0.536132 -0.396871 0.233186 -0.766766 0.598076  3.934011e-01 4.269448e-01 3.143170e-01
RCUBE(2.000000e-01) -1.570823e+00 -1.171929e-01 -5.143484e+00 0.058105 -0.981936 0.180072 -0.978812 -0.020559 0.203727 -0.196344 -0.188094 -0.962325  4.945694e-01 5.106916e-01 3.661531e-01
RCUBE(2.000000e-01) -4.397130e+00 3.794442e+00 -2.374276e+00 -0.338600 0.131876 0.931643 -0.617175 -0.778508 -0.114109 0.710243 -0.613624 0.344994  1.841451e-01 3.765936e-01 6.931284e-01
RCUBE(2.000000e-01) -2.308420e+00 6.749993e+00 1.197916e+00 0.312069 -0.935554 -0.165386 0.947480 0.319289 -0.018342 0.069966 -0.150976 0.986058  4.401755e-01 3.444229e-01 6.074359e-01
RCUBE(2.000000e-01) -4.865471e+00 -3.877336e+00 8.210016e-01 -0.552435 0.561250 -0.616290 -0.675840 -0.734355 -0.062956 -0.487909 0.381734 0.784999  3.272298e-01 3.985184e-01 4.652951e-01
RCUBE(2.000000e-01) -3.588674e+00 4.473103e+00 -2.550079e+00 0.338256 -0.371758 -0.864510 0.901145 0.392655 0.183740 0.271148 -0.841200 0.467826  5.568658e-01 3.973268e-01 4.628870e-01
RCUBE(2.000000e-01) 4.386513e+00 -5.620731e+00 1.210924e+00 -0.404115 -0.479793 -0.778774 -0.678146 -0.414206 0.607085 -0.613848 0.773454 -0.157983  2.716056e-01 4.332008e-01 4.415355e-01
RCUBE(2.000000e-01) 5.877360e+00 -4.142781e+00 6.624877e-01 0.353566 0.748281 0.561307 0.868770 -0.485121 0.099481 0.346741 0.452474 -0.821607  5.528963e-01 2.881341e-01 4.578671e-01
RCUBE(2.000000e-01) -4.775135e-01 -6.273131e+00 -2.484624e-01 0.142916 -0.341586 0.928921 -0.960217 0.179654 0.213794 -0.239913 -0.922520 -0.302321  5.752721e-01 4.282364e-01 4.571141e-01
RCUBE(2.000000e-01) 1.924594e+00 4.031995e+00 1.945428e+00 0.769953 -0.524093 -0.364003 0.535500 0.840921 -0.078052 0.347004 -0.134827 0.928122  1.907158e-01 4.491995e-01 6.545593e-01
RCUBE(2.000000e-01) -4.311682e-01 6.907326e-01 7.184939e+00 -0.056910 0.134465 0.989283 0.998369 0.012083 0.055790 -0.004452 0.990845 -0.134933  4.779258e-01 4.074552e-01 3.679277e-01
RCUBE(2.000000e-01) 4.657764e+00 2.146345e+00 1.529952e+00 0.885469 0.348370 0.307543 -0.318291 0.936866 -0.144822 -0.338578 0.030347 0.940449  3.290043e-01 5.447858e-01 5.564814e-01
RCUBE(2.000000e-01) 1.696280e+00 -2.460247e+00 1.553453e+00 0.810993 0.573664 -0.114892 -0.393151 0.679796 0.619120 0.433270 -0.456932 0.776846  4.864526e-01 2.532635e-01 4.307193e-01
RCUBE(2.000000e-01) -4.408704e+00 2.183504e+00 -2.229696e+00 0.157422 -0.829684 -0.535577 0.426967 0.546212 -0.720661 0.890459 -0.115226 0.440234  5.970836e-01 4.733952e-01 1.470009e-01
RCUBE(2.000000e-01) 5.231890e+00 -3.237013e+00 1.065268e+00 0.345744 0.470841 -0.811647 0.244613 0.789856 0.562399 0.905884 -0.392985 0.157914  6.116377e-01 3.418312e-01 3.989369e-01
RCUBE(2.000000e-01) -1.359287e+00 -4.637500e-01 -7.090373e+00 0.136477 0.986889 -0.086161 0.186729 0.059788 0.980590 0.972886 -0.149917 -0.176121  4.023092e-01 5.019545e-01 4.647917e-01
RCUBE(2.000000e-01) 6.296344e+00 -2.347135e+00 -2.644028e+00 -0.433616 -0.116169 -0.893578 -0.883654 0.248995 0.396429 0.176444 0.961512 -0.210621  3.786493e-01 6.439204e-01 4.212923e-01
RCUBE(2.000000e-01) -2.037149e+00 -1.782343e+00 6.693995e+00 -0.639975 -0.687888 -0.342406 -0.693045 0.709185 -0.129404 0.331845 0.154487 -0.930598  2.526003e-01 3.075981e-01 7.000547e-01
RCUBE(2.000000e-01) -4.789964e+00 -2.201188e+00 8.774611e-01 0.034525 -0.814188 -0.579574 -0.928773 -0.240278 0.282217 -0.369036 0.528549 -0.764492  6.664130e-01 4.050847e-01 2.538061e-01
RCUBE(2.000000e-01) 2.013077e+00 3.794580e+00 -9.731071e-01 0.453228 0.017247 0.891228 -0.157330 -0.982569 0.099024 0.877400 -0.185098 -0.442615  3.013544e-01 7.061973e-01 3.913531e-01
RCUBE(2.000000e-01) -3.272475e+00 1.672987e+00 -3.888754e+00 -0.054245 0.869870 0.490290 0.882003 0.271928 -0.384871 -0.468111 0.411560 -0.781979  5.469272e-01 5.192639e-01 2.841750e-01
RCUBE(2.000000e-01) -2.441359e-01 4.899157e+00 5.283422e+00 -0.098908 0.864173 -0.493378 0.995095 0.086740 -0.047558 0.001697 -0.495662 -0.868514  7.724598e-01 2.653743e-01 3.170879e-01
RCUBE(2.000000e-01) 4.012941e-01 4.017267e+00 4.814908e+00 0.032069 -0.513695 -0.857373 0.686139 -0.612434 0.392604 -0.726763 -0.600868 0.332826  3.675680e-01 1.741752e-01 5.671932e-01
RCUBE(2.000000e-01) 2.336066e-01 1.566658e+00 7.052778e+00 0.050860 0.200448 0.978383 0.981443 0.171326 -0.086120 -0.184885 0.964608 -0.188015  5.055679e-01 3.906094e-01 4.894330e-01
RCUBE(2.000000e-01) -4.709327e+00 -5.134095e+00 -1.949086e+00 -0.669272 0.704141 -0.237192 0.354777 0.022358 -0.934684 -0.652846 -0.709708 -0.264777  1.785360e-01 2.910728e-01 7.091871e-01
RCUBE(2.000000e-01) 7.958612e-02 6.583021e+00 2.966305e+00 -0.757961 -0.173601 0.628775 -0.112976 -0.914430 -0.388657 0.642442 -0.365623 0.673489  3.716432e-01 6.633399e-01 1.940561e-01
RCUBE(2.000000e-01) 2.432300e+00 4.133372e+00 5.383831e+00 -0.180134 -0.566907 -0.803846 -0.384658 -0.711538 0.588006 -0.905312 0.415126 -0.089893  6.332574e-01 1.548280e-01 4.295139e-01
RCUBE(2.000000e-01) 2.231678e-01 -1.359400e+00 5.241656e+00 -0.992195 0.089256 0.087073 0.065627 0.967555 -0.243987 -0.106025 -0.236369 -0.965861  5.553853e-01 4.149827e-01 3.986841e-01
RCUBE(2.000000e-01) 4.282198e+00 -1.103965e+00 -2.648325e-02 -0.067050 -0.752586 -0.655071 -0.977035 0.182614 -0.109794 0.202255 0.632666 -0.747547  8.178066e-01 2.545209e-01 2.320357e-01
RCUBE(2.000000e-01) -2.577366e+00 3.112128e+00 -4.788003e+00 0.662087 0.741780 0.106780 0.452073 -0.508953 0.732528 0.597721 -0.436725 -0.672310  3.222320e-01 4.083145e-01 3.960778e-01
RCUBE(2.000000e-01) -1.095788e-01 -4.850958e+00 2.462752e+00 -0.996677 0.073071 -0.036007 -0.035394 0.009678 0.999327 0.073370 0.997280 -0.007060  3.751467e-01 3.975260e-01 4.296057e-01
RCUBE(2.000000e-01) 5.457965e+00 2.413555e+00 -2.024914e+00 0.801862 0.246995 -0.544068 -0.596993 0.293343 -0.746692 -0.024830 0.923549 0.382675  3.985582e-01 6.632329e-01 2.378315e-01
RCUBE(2.000000e-01) 7.678291e-01 -4.960684e+00 1.904979e+00 0.881515 -0.036705 -0.470727 -0.455459 -0.328886 -0.827279 -0.124450 0.943656 -0.306636  4.740607e-01 6.455342e-01 2.481679e-01
RCUBE(2.000000e-01) 1.551062e+00 -6.083966e+00 -5.282459e-01 -0.236837 -0.216790 0.947053 -0.967586 -0.035324 -0.250058 0.087664 -0.975579 -0.201397  5.005945e-01 5.365810e-01 3.681994e-01
RCUBE(2.000000e-01) 6.133699e+00 5.427638e-01 1.318390e+00 0.976669 -0.185557 -0.108103 -0.175683 -0.400875 -0.899130 0.123504 0.897144 -0.424121  6.679540e-01 3.773514e-01 3.879363e-01
RCUBE(2.000000e-01) 6.467622e-01 7.023591e+00 1.605682e+00 0.091120 0.968625 0.231220 0.995775 -0.091280 -0.010029 0.011391 0.231157 -0.972850  5.527868e-01 3.424549e-01 4.163106e-01
RCUBE(2.000000e-01) 6.174472e+00 1.621189e-01 3.759429e+00 -0.846829 -0.050184 -0.529492 0.001268 -0.995726 0.092346 -0.531863 0.077530 0.843274  2.923826e-01 8.056997e-01 2.494687e-01
RCUBE(2.000000e-01) 7.850815e-01 1.886079e+00 -6.908209e+00 -0.034181 0.980667 0.192678 0.982025 -0.002853 0.188731 0.185631 0.195665 -0.962941  5.062125e-01 4.991484e-01 3.486540e-01
RCUBE(2.000000e-01) 8.431723e-01 3.900461e+00 2.036289e+00 -0.017250 0.817220 0.576067 -0.799874 -0.356977 0.482462 0.599921 -0.452458 0.659831  4.665426e-01 4.951129e-01 2.277044e-01
RCUBE(2.000000e-01) -7.052529e+00 -1.391554e+00 6.589642e-01 -0.159867 -0.095720 -0.982487 -0.951685 -0.249399 0.179153 -0.262180 0.963659 -0.051225  3.816494e-01 4.661971e-01 5.550745e-01
RCUBE(2.000000e-01) 4.275305e+00 -3.087279e+00 4.946361e+00 -0.583132 0.453848 -0.673780 -0.733819 -0.650094 0.197200 -0.348521 0.609426 0.712133  4.013375e-01 3.035851e-01 3.772154e-01
RCUBE(2.000000e-01) 5.466841e+00 -1.388005e-01 4.326863e-02 0.948178 -0.022169 0.316966 -0.311508 -0.261466 0.913564 0.062623 -0.964958 -0.254822  5.135857e-01 5.761520e-01 3.067815e-01
RCUBE(2.000000e-01) -4.291738e+00 -5.921289e-01 -5.782517e+00 0.316999 0.882848 -0.346540 -0.586366 -0.104751 -0.803245 -0.745443 0.457828 0.484467  2.869603e-01 5.835903e-01 4.233307e-01
RCUBE(2.000000e-01) -3.495617e+00 -2.135820e+00 -3.518842e+00 0.849656 -0.016358 0.527083 -0.166911 -0.956473 0.239376 0.500225 -0.291363 -0.815404  4.085423e-01 6.991807e-01 2.692822e-01
RCUBE(2.000000e-01) 3.978103e+00 -4.904292e-01 -1.990570e+00 0.152697 -0.402496 0.902596 -0.963509 0.142541 0.226565 -0.219848 -0.904256 -0.366044  6.252820e-01 4.169735e-01 4.095532e-01
RCUBE(2.000000e-01) -7.663854e-01 2.009512e+00 6.894436e+00 -0.786066 0.578095 -0.218875 -0.617836 -0.745923 0.248752 -0.019462 0.330765 0.943513  3.583536e-01 2.273266e-01 7.127385e-01
RCUBE(2.000000e-01) 3.204451e+00 -4.598141e+00 -4.573490e+00 -0.444749 0.638714 0.627888 0.892817 0.371921 0.254071 -0.071246 0.673586 -0.735666  6.255892e-01 2.799016e-01 3.614969e-01
RCUBE(2.000000e-01) 7.620657e-01 5.018061e+00 5.137665e+00 0.058614 0.716959 0.694647 -0.976605 -0.103035 0.188750 0.206899 -0.689459 0.694146  8.264422e-01 2.472814e-01 2.053758e-01
RCUBE(2.000000e-01) 3.604782e+00 -2.668121e+00 5.642159e+00 -0.753085 -0.635956 0.168589 -0.541716 0.453949 -0.707442 0.373371 -0.624092 -0.686370  4.223869e-01 2.930421e-01 3.608605e-01
RCUBE(2.000000e-01) -3.276596e+00 3.464773e+00 -4.107156e+00 -0.209865 0.715010 -0.666871 0.928830 0.358800 0.092396 0.305337 -0.600019 -0.739423  6.914668e-01 2.461722e-01 3.114858e-01
RCUBE(2.000000e-01) -5.145485e+00 -3.227783e+00 1.569956e+00 0.806322 0.561767 -0.185103 0.235117 -0.591582 -0.771201 -0.542739 0.578316 -0.609086  4.916165e-01 2.126539e-01 4.409985e-01
RCUBE(2.000000e-01) -2.867302e+00 -1.201045e-01 6.622348e+00 0.508689 -0.827699 0.236962 0.353275 -0.050326 -0.934165 0.785132 0.558912 0.266806  2.753535e-01 4.109427e-01 6.672890e-01
RCUBE(2.000000e-01) 3.925146e+00 2.461806e+00 4.217104e+00 -0.595340 -0.001606 0.803473 0.199504 -0.968976 0.145887 0.778312 0.247148 0.577190  2.254779e-01 7.681161e-01 3.387534e-01
RCUBE(2.000000e-01) 1.886515e+00 1.517742e+00 6.057708e+00 0.447165 0.241931 -0.861111 -0.856684 -0.160958 -0.490087 -0.257170 0.956850 0.135284  3.686856e-01 6.720099e-01 3.859058e-01
RCUBE(2.000000e-01) -1.134206e+00 -3.437709e+00 -8.854052e-01 0.885856 0.442990 0.137908 -0.158650 0.568548 -0.807207 -0.435992 0.693191 0.573932  5.995729e-01 1.652856e-01 4.497647e-01
RCUBE(2.000000e-01) -1.995512e+00 3.041512e+00 6.251541e+00 -0.875960 0.246008 -0.414939 0.388096 0.870272 -0.303327 0.286490 -0.426739 -0.857798  4.946909e-01 4.800277e-01 4.470317e-01
RCUBE(2.000000e-01) 3.590206e+00 9.281053e-02 -6.266308e+00 0.678024 0.510456 0.528883 0.444809 -0.857768 0.257641 0.585174 0.060565 -0.808643  2.134819e-01 5.536955e-01 4.655758e-01
RCUBE(2.000000e-01) -3.556536e+00 -2.674877e+00 -5.592320e-01 0.458918 -0.852723 -0.249517 0.887412 0.453676 0.081717 0.043518 -0.258925 0.964916  4.415641e-01 2.529403e-01 6.785211e-01
RCUBE(2.000000e-01) 4.258538e+00 3.198666e-01 1.396236e+00 -0.129023 0.654286 -0.745160 0.971754 0.233160 0.036468 0.197602 -0.719407 -0.665888  8.049735e-01 1.617318e-01 2.812093e-01
RCUBE(2.000000e-01) 5.307766e+00 4.817010e+00 9.584645e-01 -0.285094 0.078143 0.955309 0.723291 0.671531 0.160922 -0.628944 0.736844 -0.247970  2.336522e-01 2.779369e-01 7.555501e-01
RCUBE(2.000000e-01) 2.819890e+00 1.754434e-02 2.462369e+00 0.153200 0.555640 -0.817187 -0.978905 -0.027796 -0.202418 -0.135186 0.830958 0.539660  7.712764e-01 3.374622e-01 2.642812e-01
RCUBE(2.000000e-01) -1.083380e+00 -7.139922e+00 2.315302e-01 0.894882 -0.133863 0.425755 -0.407486 0.144061 0.901777 -0.182049 -0.980473 0.074370  3.527131e-01 6.779217e-01 3.929087e-01
RCUBE(2.000000e-01) -3.357313e+00 -6.278876e+00 -1.249895e+00 -0.647120 0.224837 0.728481 -0.592956 0.452175 -0.666289 -0.479207 -0.863126 -0.159293  2.388137e-01 5.764975e-01 3.730735e-01
RCUBE(2.000000e-01) -4.099326e+00 -3.207010e+00 -1.705257e+00 -0.875171 0.233667 -0.423646 -0.428657 0.031536 0.902917 0.224342 0.971805 0.072564  2.731756e-01 6.695302e-01 4.419291e-01
RCUBE(2.000000e-01) -4.279300e+00 -6.015771e-01 3.879674e+00 -0.940180 -0.316025 0.127240 0.003854 0.363599 0.931548 -0.340657 0.876313 -0.340630  5.688393e-01 3.055025e-01 5.414450e-01
RCUBE(2.000000e-01) -4.868226e+00 1.449668e+00 -2.900732e+00 0.368604 -0.652444 0.662154 -0.885254 -0.463721 0.035877 0.283648 -0.599400 -0.748508  6.107841e-01 1.543606e-01 3.774462e-01
RCUBE(2.000000e-01) 1.344037e-01 4.129687e-01 4.716657e+00 -0.140379 -0.792418 0.593605 -0.140240 0.609411 0.780353 -0.980116 0.026298 -0.196677  8.083670e-01 2.966185e-01 2.342199e-01
RCUBE(2.000000e-01) 2.051781e+00 6.905147e+00 6.076741e-01 -0.258037 -0.959291 -0.114791 0.961366 -0.243154 -0.129042 0.095877 -0.143654 0.984973  4.333464e-01 4.185553e-01 5.542389e-01
RCUBE(2.000000e-01) 1.800275e+00 -6.942479e+00 7.845987e-01 -0.778891 -0.451156 -0.435646 0.487672 0.001080 -0.873026 0.394342 -0.892444 0.219175  2.489451e-01 5.664402e-01 5.214357e-01
RCUBE(2.000000e-01) 3.618557e+00 -3.606082e+00 -5.109213e+00 0.843757 0.478295 0.243533 -0.170608 0.669210 -0.723222 -0.508888 0.568675 0.646252  5.467027e-01 2.859553e-01 3.749651e-01
RCUBE(2.000000e-01) -1.890379e+00 4.514966e+00 2.422824e+00 -0.394462 -0.563873 0.725567 -0.911156 0.342388 -0.229273 -0.119144 -0.751544 -0.648835  6.514347e-01 3.360957e-01 2.720674e-01
RCUBE(2.000000e-01) -2.400616e+00 -5.248582e+00 4.348505e+00 -0.345867 -0.762890 0.546237 -0.163365 -0.524312 -0.835708 0.923952 -0.378280 0.056713  6.497142e-01 2.009355e-01 4.467714e-01
RCUBE(2.000000e-01) 3.463178e+00 -4.262600e+00 -3.408026e+00 -0.157841 -0.285519 0.945286 -0.960395 0.266996 -0.079719 -0.229626 -0.920431 -0.316354  5.601486e-01 3.840626e-01 5.030626e-01
RCUBE(2.000000e-01) 1.103753e+00 -1.028263e+00 4.086777e+00 -0.972874 0.011998 0.231025 -0.099535 -0.923199 -0.371209 0.208828 -0.384134 0.899351  6.352701e-01 4.578727e-01 3.194551e-01
RCUBE(2.000000e-01) -2.923136e+00 -3.791614e+00 2.362673e+00 0.399258 0.660923 -0.635431 -0.905378 0.393459 -0.159629 0.144513 0.639039 0.755477  6.466938e-01 2.206826e-01 3.769832e-01
RCUBE(2.000000e-01) -6.515477e+00 -2.431514e+00 -1.930717e+00 0.929474 0.296467 0.219514 -0.357871 0.869032 0.341631 -0.089482 -0.396095 0.913839  5.651975e-01 3.586241e-01 5.182954e-01
RCUBE(2.000000e-01) 3.209433e-01 3.507901e+00 1.615631e-02 0.828882 -0.281018 -0.483718 -0.427858 -0.875513 -0.224530 -0.360404 0.393071 -0.845934  4.115097e-01 5.242675e-01 4.542397e-01
RCUBE(2.000000e-01) -6.339929e-01 2.588808e+00 7.916701e-01 0.457485 0.871384 0.177190 0.880077 -0.415205 -0.230368 -0.127169 0.261331 -0.956836  4.115484e-01 3.767210e-01 6.507214e-01
RCUBE(2.000000e-01) 1.358281e+00 -6.889648e+00 1.695110e+00 0.525062 -0.082574 -0.847049 -0.265046 0.929921 -0.254948 0.808740 0.358370 0.466380  3.114913e-01 6.408296e-01 4.323471e-01
RCUBE(2.000000e-01) 3.813754e+00 3.987075e+00 1.160857e+00 0.925005 0.149535 0.349291 0.222168 -0.958631 -0.177955 0.308231 0.242211 -0.919961  4.530342e-01 5.780166e-01 4.307754e-01
RCUBE(2.000000e-01) 2.434590e+00 2.617626e+00 6.289224e+00 0.827580 0.327209 -0.456121 0.448595 -0.873959 0.186970 -0.337453 -0.359346 -0.870055  3.905010e-01 5.093625e-01 4.999144e-01
RCUBE(2.000000e-01) -1.980952e+00 -4.856339e+00 -3.437341e+00 0.485542 0.406863 -0.773764 -0.395081 -0.687432 -0.609384 -0.779846 0.601581 -0.173033  4.412294e-01 2.843309e-01 4.315762e-01
RCUBE(2.000000e-01) -3.728302e+00 -3.159923e+00 2.141846e+00 -0.680984 0.606861 -0.409854 0.732291 0.561852 -0.384802 -0.003244 -0.562176 -0.827011  3.826793e-01 2.205235e-01 5.214763e-01
RCUBE(2.000000e-01) -1.771549e+00 5.558224e+00 -2.814354e+00 -0.613472 0.758610 0.219463 -0.003664 0.275163 -0.961391 -0.789708 -0.590590 -0.166025  3.392224e-01 2.148376e-01 7.558978e-01
RCUBE(2.000000e-01) 5.551653e+00 -4.166025e+00 -2.010081e+00 0.746786 -0.562947 -0.354122 -0.191819 0.327518 -0.925169 0.636802 0.758830 0.136602  2.915638e-01 3.238159e-01 6.759441e-01
RCUBE(2.000000e-01) -3.413135e+00 2.481787e+00 -4.640035e+00 -0.490232 0.430988 -0.757577 0.657572 -0.387611 -0.646031 -0.572076 -0.814867 -0.093387  2.302307e-01 4.979938e-01 4.082441e-01
RCUBE(2.000000e-01) 3.898360e+00 -3.009044e+00 2.006116e+00 -0.019836 -0.473165 -0.880750 -0.560194 -0.724397 0.401784 -0.828124 0.501361 -0.250695  4.731973e-01 2.073382e-01 5.788321e-01
RCUBE(2.000000e-01) 6.446723e+00 -8.530796e-02 3.986033e-01 -0.309972 0.182894 0.932988 0.638229 0.767377 0.061613 -0.704686 0.614558 -0.354594  2.152909e-01 3.610573e-01 6.986207e-01
RCUBE(2.000000e-01) 4.484163e+00 -4.511234e+00 -4.535436e-01 0.084000 -0.347935 -0.933748 0.275625 0.908613 -0.313773 0.957588 -0.231007 0.172223  5.780760e-01 3.790427e-01 4.929794e-01
RCUBE(2.000000e-01) 3.317734e+00 4.776498e+00 -4.265823e+00 -0.710198 0.703531 -0.025763 0.367733 0.401926 0.838587 0.600327 0.586088 -0.544158  3.561969e-01 3.447436e-01 5.391041e-01
RCUBE(2.000000e-01) -1.187954e+00 6.141960e+00 -8.514573e-03 -0.269491 0.961289 -0.057428 0.320564 0.033315 -0.946641 -0.908082 -0.273521 -0.317132  2.959703e-01 5.744854e-01 5.212648e-01
RCUBE(2.000000e-01) -5.384198e+00 -2.564133e+00 2.350357e+00 -0.582501 0.095546 0.807195 0.617221 -0.594180 0.515740 0.528896 0.798637 0.287137  2.261804e-01 4.735940e-01 4.868630e-01
RCUBE(2.000000e-01) 2.823202e+00 -1.019431e+00 2.195331e+00 0.327452 -0.600592 -0.729428 -0.279361 -0.799015 0.532478 -0.902626 0.029412 -0.429420  6.252944e-01 4.147363e-01 2.339378e-01
RCUBE(2.000000e-01) 3.554916e+00 5.722387e+00 -2.586255e+00 0.371454 0.869002 -0.326890 -0.258233 -0.241490 -0.935413 -0.891817 0.431877 0.134703  4.652846e-01 3.857688e-01 5.945076e-01
RCUBE(2.000000e-01) -4.283705e+00 -5.723190e+00 -1.075554e+00 -0.312128 0.013097 0.949950 0.585002 0.790504 0.181317 -0.748564 0.612317 -0.254400  2.083925e-01 3.592848e-01 7.272316e-01
RCUBE(2.000000e-01) 2.155073e+00 1.291006e+00 -1.016654e+00 0.592618 -0.559166 0.579774 0.754945 0.134638 -0.641818 0.280823 0.818050 0.501929  4.179906e-01 5.088117e-01 2.749329e-01
RCUBE(2.000000e-01) 1.987420e+00 -2.758808e+00 5.312413e+00 0.738177 -0.202486 -0.643501 -0.407531 -0.894011 -0.186177 -0.537599 0.399679 -0.742458  3.144966e-01 6.178690e-01 3.242537e-01
RCUBE(2.000000e-01) 9.267595e-02 -3.063974e-01 -6.295573e+00 -0.928020 -0.168269 0.332362 -0.289723 -0.234829 -0.927856 0.234177 -0.957362 0.169174  4.506769e-01 5.634526e-01 4.499529e-01
RCUBE(2.000000e-01) -4.604801e+00 3.775687e+00 2.439106e+00 -0.730611 -0.443592 -0.519070 -0.611297 0.763622 0.207841 0.304176 0.469157 -0.829077  3.283242e-01 3.913839e-01 5.066368e-01
RCUBE(2.000000e-01) 4.325061e+00 5.765176e-01 -5.756980e+00 0.621517 -0.001555 -0.783399 -0.610817 -0.627115 -0.483352 -0.490530 0.778925 -0.390712  2.751982e-01 4.502365e-01 4.567919e-01
RCUBE(2.000000e-01) 7.081395e-01 -5.308091e+00 8.419339e-02 -0.129785 0.968102 0.214322 0.248904 -0.177420 0.952139 0.959793 0.176919 -0.217938  4.816177e-01 5.196304e-01 4.415881e-01
RCUBE(2.000000e-01) -4.356551e+00 -3.544986e+00 -2.856141e+00 -0.697520 0.554339 -0.454064 0.480658 -0.108007 -0.870231 -0.531445 -0.825253 -0.191111  1.416869e-01 4.817215e-01 5.674883e-01
RCUBE(2.000000e-01) -2.839617e+00 2.961799e+00 -5.888633e+00 -0.712656 0.495447 0.496642 0.055884 -0.665613 0.744202 0.699284 0.558114 0.446665  3.749798e-01 3.259069e-01 4.143380e-01
RCUBE(2.000000e-01) 7.146602e-01 5.320743e+00 -4.841775e+00 -0.907233 0.329224 0.261800 -0.070795 -0.733039 0.676492 0.414627 0.595202 0.688345  6.499056e-01 3.305089e-01 2.911100e-01
RCUBE(2.000000e-01) -2.478492e+00 -1.068897e+00 3.550800e+00 0.345266 -0.860789 0.373943 0.401939 0.495679 0.769901 -0.848078 -0.115518 0.517125  4.960073e-01 5.228972e-01 3.115785e-01
RCUBE(2.000000e-01) -2.079186e+00 -4.250630e+00 4.149061e+00 -0.036930 -0.491834 -0.869905 -0.860592 0.458129 -0.222486 0.507955 0.740417 -0.440187  5.254313e-01 2.069913e-01 5.449729e-01
RCUBE(2.000000e-01) 4.068182e+00 -4.136064e+00 -4.311820e+00 -0.057125 0.675348 -0.735284 -0.845802 -0.424031 -0.323755 -0.530430 0.603409 0.595433  5.493484e-01 3.086175e-01 3.834920e-01
RCUBE(2.000000e-01) 2.907892e+00 -3.292114e-01 -2.276019e+00 -0.540687 -0.474069 -0.694922 0.768435 0.057797 -0.637312 0.342294 -0.878589 0.333041  3.932298e-01 5.926729e-01 2.672766e-01
RCUBE(2.000000e-01) 2.138294e+00 -2.591638e+00 5.206340e-01 0.299804 0.479868 -0.824527 -0.872895 -0.210748 -0.440044 -0.384931 0.851653 0.355691  5.187904e-01 4.687970e-01 4.010548e-01
RCUBE(2.000000e-01) 2.437535e+00 8.008896e-01 6.752187e+00 -0.854058 0.338971 0.394567 -0.439384 -0.064085 -0.896011 -0.278436 -0.938612 0.203670  3.310876e-01 6.089568e-01 4.853280e-01
RCUBE(2.000000e-01) 7.457616e-01 -4.410976e-02 -1.620456e+00 -0.922021 -0.306579 0.236405 0.356031 -0.911314 0.206759 0.152051 0.274803 0.949402  4.708766e-01 4.274527e-01 5.671322e-01
RCUBE(2.000000e-01) 1.047072e+00 3.365350e-01 5.238623e+00 0.983368 -0.037757 0.177658 -0.150852 0.374968 0.914682 -0.101152 -0.926268 0.363036  6.456224e-01 4.222261e-01 3.433323e-01
RCUBE(2.000000e-01) -2.750145e+00 -2.610563e-01 -6.673118e+00 -0.732716 -0.602344 0.316716 0.311348 0.117124 0.943050 -0.605136 0.789597 0.101720  1.643992e-01 3.741956e-01 7.137220e-01
RCUBE(2.000000e-01) -6.699652e+00 2.689065e+00 -1.512971e-01 -0.061233 -0.136104 0.988800 -0.281627 -0.948051 -0.147936 0.957568 -0.287531 0.019722  4.389398e-01 3.534309e-01 5.864981e-01
RCUBE(2.000000e-01) 5.999241e-01 2.117554e+00 4.252344e+00 -0.881789 0.434845 -0.182641 0.172258 -0.063563 -0.982999 -0.439061 -0.898259 -0.018857  2.802204e-01 4.026085e-01 6.984897e-01
RCUBE(2.000000e-01) -6.334578e+00 3.443009e+00 5.287901e-01 -0.426527 -0.849420 -0.310741 0.900091 -0.432407 -0.053477 -0.088943 -0.302505 0.948989  4.888017e-01 2.491991e-01 6.332024e-01
RCUBE(2.000000e-01) -3.735827e+00 5.171396e-01 -1.762034e+00 -0.416582 -0.488879 0.766457 -0.840762 0.527879 -0.120264 -0.345802 -0.694508 -0.630936  5.307153e-01 2.634724e-01 4.038031e-01
RCUBE(2.000000e-01) 2.770703e+00 2.128085e+00 -7.401609e-01 0.879659 -0.051078 0.472854 0.021891 -0.988814 -0.147536 0.475100 0.140132 -0.868702  3.617416e-01 7.401199e-01 2.634522e-01
RCUBE(2.000000e-01) 5.313770e+00 1.502198e-01 -9.720872e-01 -0.947396 -0.032284 -0.318431 0.301205 0.246531 -0.921140 0.108241 -0.968597 -0.223839  4.961280e-01 5.778918e-01 3.499706e-01
RCUBE(2.000000e-01) -2.192413e+00 5.110774e+00 -4.622449e+00 0.405515 -0.503809 -0.762715 0.300383 -0.714614 0.631741 -0.863324 -0.485287 -0.138451  5.645046e-01 2.829759e-01 3.829760e-01
RCUBE(2.000000e-01) -9.932023e-01 -2.521610e+00 3.103889e-01 0.738271 -0.480910 -0.472949 -0.655141 -0.678065 -0.333192 -0.160455 0.555835 -0.815660  3.767425e-01 2.706096e-01 4.990061e-01
RCUBE(2.000000e-01) -6.288804e+00 3.173245e+00 1.549543e+00 0.455324 0.865853 -0.207311 0.166223 0.146082 0.975208 0.874671 -0.478496 -0.077410  3.785966e-01 3.340725e-01 7.057767e-01
RCUBE(2.000000e-01) -2.015084e-01 4.238609e+00 3.246629e+00 0.455492 0.543019 -0.705448 0.889738 -0.251071 0.381221 0.029893 -0.801307 -0.597506  6.054423e-01 4.345792e-01 2.141658e-01
RCUBE(2.000000e-01) 3.461970e+00 -7.942089e-01 -5.182972e+00 0.726370 0.465656 0.505521 0.579588 -0.019674 -0.814672 -0.369411 0.884747 -0.284179  2.299785e-01 5.889186e-01 4.491905e-01
RCUBE(2.000000e-01) -6.326033e+00 -3.280858e+00 1.193794e+00 -0.037310 -0.421047 -0.906271 0.471675 -0.806942 0.355482 -0.880983 -0.414202 0.228704  5.135390e-01 2.879989e-01 5.764826e-01
RCUBE(2.000000e-01) -3.831661e+00 4.217946e+00 2.952867e+00 0.546586 0.393195 0.739352 -0.381748 0.902828 -0.197915 -0.745327 -0.174069 0.643574  3.224176e-01 6.339145e-01 3.082708e-01
RCUBE(2.000000e-01) 6.616306e+00 -1.725240e+00 2.324219e+00 -0.957062 0.208532 -0.201360 0.262035 0.325279 -0.908587 -0.123971 -0.922338 -0.365955  5.879297e-01 4.650179e-01 4.054550e-01
RCUBE(2.000000e-01) 2.546142e+00 -4.175103e+00 5.311257e+00 0.396064 -0.593171 0.700915 -0.754652 -0.645143 -0.119543 0.523100 -0.481600 -0.703156  4.263371e-01 3.030924e-01 3.643253e-01
RCUBE(2.000000e-01) 7.137846e-01 -2.359727e+00 1.082164e+00 0.479639 -0.677859 -0.557183 -0.877317 -0.358767 -0.318749 0.016169 0.641711 -0.766776  5.928899e-01 2.685147e-01 3.976077e-01
RCUBE(2.000000e-01) 2.168018e+00 -4.637528e-01 -1.598749e+00 -0.163715 0.982308 -0.090933 -0.671620 -0.178500 -0.719072 -0.722581 -0.056650 0.688961  2.170176e-01 8.475308e-01 2.094683e-01
RCUBE(2.000000e-01) -2.907568e+00 1.160051e-01 -2.349949e+00 -0.223348 -0.257137 -0.940211 0.230704 0.923225 -0.307296 0.947043 -0.285544 -0.146878  5.293861e-01 4.337091e-01 5.039835e-01
RCUBE(2.000000e-01) -6.613448e+00 -5.568866e-01 -2.869847e+00 0.371076 -0.031833 -0.928057 -0.927349 -0.064605 -0.368578 -0.048224 0.997403 -0.053494  3.356972e-01 6.701458e-01 3.464125e-01
RCUBE(2.000000e-01) 1.380963e+00 -7.004972e+00 -1.035057e+00 0.345503 0.245084 -0.905848 0.937842 -0.056372 0.342454 0.032865 -0.967861 -0.249327  4.934934e-01 6.023769e-01 2.937730e-01
RCUBE(2.000000e-01) -4.187130e+00 3.272305e+00 3.339904e+00 0.580725 -0.686683 -0.437292 -0.491037 -0.723889 0.484630 -0.649338 -0.066710 -0.757568  3.087260e-01 3.855807e-01 4.296234e-01
RCUBE(2.000000e-01) -3.594726e+00 2.395193e+00 9.496540e-01 0.586719 -0.791112 -0.172926 -0.498958 -0.521364 0.692257 -0.637810 -0.319878 -0.700626  2.470452e-01 4.719093e-01 3.616536e-01
RCUBE(2.000000e-01) 1.872604e+00 -3.635872e+00 1.695542e+00 -0.423006 0.035474 0.905432 0.324583 -0.926994 0.187959 0.845997 0.373396 0.380610  3.092771e-01 5.824291e-01 5.214183e-01
RCUBE(2.000000e-01) -3.368924e+00 -8.658057e-01 -5.170606e-01 -0.336056 -0.887844 -0.314323 -0.601508 -0.054489 0.797006 -0.724745 0.456907 -0.515734  2.466772e-01 5.989411e-01 4.205972e-01
RCUBE(2.000000e-01) 2.821550e-01 -6.957176e+00 1.881492e+00 0.713759 0.339273 0.612732 -0.196740 0.936741 -0.289500 -0.672191 0.086085 0.735356  2.644040e-01 7.099681e-01 2.997191e-01
RCUBE(2.000000e-01) -7.246934e-01 -1.867540e+00 4.940023e+00 -0.200415 -0.448828 0.870854 -0.119220 -0.871110 -0.476397 0.972430 -0.199300 0.121074  6.971757e-01 3.647099e-01 3.634915e-01
RCUBE(2.000000e-01) -3.118353e+00 5.066030e+00 -4.115587e+00 -0.855100 -0.125373 0.503076 -0.434448 0.702815 -0.563300 -0.282947 -0.700238 -0.655445  5.630258e-01 3.449226e-01 2.348699e-01
RCUBE(2.000000e-01) -7.768310e-01 1.010751e+00 4.577053e+00 0.948674 0.284638 -0.137835 0.312008 -0.913555 0.260897 -0.051659 -0.290512 -0.955476  5.267811e-01 3.603190e-01 5.517391e-01
RCUBE(2.000000e-01) -1.446733e+00 -2.519110e+00 -3.421718e+00 0.811555 -0.584274 0.001652 -0.164393 -0.225625 0.960244 -0.560673 -0.779562 -0.279158  3.629631e-01 2.333603e-01 7.395374e-01
RCUBE(2.000000e-01) 1.492320e+00 1.216769e+00 -1.897414e+00 0.442453 -0.737362 0.510424 -0.419620 -0.673239 -0.608825 0.792562 0.055193 -0.607289  4.729481e-01 3.947656e-01 2.653441e-01
RCUBE(2.000000e-01) 2.147394e+00 5.354523e+00 2.687672e+00 0.796899 0.507615 0.327535 0.455503 -0.148746 -0.877719 -0.396824 0.848647 -0.349756  3.471103e-01 4.762468e-01 5.418019e-01
RCUBE(2.000000e-01) -1.090208e+00 -1.343958e-01 -1.438094e+00 -0.926641 0.082009 -0.366895 0.331784 -0.280549 -0.900673 -0.176795 -0.956330 0.232758  4.870036e-01 5.895379e-01 3.722035e-01
RCUBE(2.000000e-01) 3.034381e+00 -2.251423e+00 2.237822e+00 -0.344022 0.523527 0.779467 0.779917 0.621580 -0.073262 -0.522856 0.582716 -0.622145  4.547877e-01 2.710646e-01 4.541497e-01
RCUBE(2.000000e-01) 1.030067e+00 -1.474722e+00 -4.002993e+00 -0.833976 -0.457413 0.308638 -0.212490 -0.249977 -0.944648 0.509247 -0.853396 0.111279  3.420267e-01 4.095613e-01 6.592771e-01
RCUBE(2.000000e-01) -2.730387e+00 -2.893161e+00 -6.040465e+00 0.386752 0.390153 0.835586 0.835054 0.236298 -0.496838 -0.391290 0.889913 -0.234410  4.198785e-01 5.531423e-01 4.212639e-01
RCUBE(2.000000e-01) -1.751943e+00 -3.003310e+00 -5.506269e+00 -0.517103 -0.828921 -0.213295 0.791879 -0.557899 0.248346 -0.324857 -0.040483 0.944896  2.710453e-01 3.993812e-01 6.893688e-01
RCUBE(2.000000e-01) 2.576923e+00 -1.635940e+00 -3.076503e+00 -0.862066 -0.165899 -0.478873 -0.506635 0.258278 0.822565 -0.012780 0.951719 -0.306703  4.316644e-01 6.776161e-01 2.740078e-01
RCUBE(2.000000e-01) -4.197679e+00 -3.107527e+00 1.072697e+00 0.529842 -0.544685 0.650066 0.202259 -0.663230 -0.720568 0.823626 0.513269 -0.241239  5.173592e-01 2.837364e-01 3.782059e-01
RCUBE(2.000000e-01) 1.714483e+00 6.609319e+00 -2.358859e+00 0.152739 0.933640 -0.324018 0.934024 -0.243504 -0.261353 -0.322909 -0.262722 -0.909234  5.209568e-01 5.196351e-01 4.279216e-01
RCUBE(2.000000e-01) -6.003447e+00 -1.321014e+00 1.166097e+00 -0.895258 -0.217228 0.389004 -0.306980 -0.332050 -0.891911 0.322917 -0.917908 0.230586  4.673548e-01 5.366120e-01 4.565147e-01
RCUBE(2.000000e-01) 3.470774e+00 -6.152370e-01 6.307612e+00 0.436356 -0.055539 0.898059 0.688321 0.663415 -0.293419 -0.579489 0.746188 0.327713  2.198274e-01 3.547433e-01 6.312532e-01
RCUBE(2.000000e-01) -1.386430e+00 3.216152e+00 -3.200806e+00 0.942863 0.284003 0.174217 -0.313114 0.576570 0.754670 0.113880 -0.766100 0.632552  7.135877e-01 3.152557e-01 2.806207e-01
RCUBE(2.000000e-01) -1.567788e+00 2.919338e+00 -4.283767e+00 -0.698546 0.413344 0.584107 0.190908 -0.679046 0.708838 0.689629 0.606666 0.395434  3.572755e-01 3.379112e-01 3.702501e-01
RCUBE(2.000000e-01) -2.102669e-01 5.803053e-01 -1.710555e+00 -0.138407 0.582944 -0.800637 -0.989256 -0.119809 0.083781 -0.047084 0.803631 0.593263  8.306359e-01 2.714401e-01 2.513904e-01
RCUBE(2.000000e-01) 2.465456e-01 9.469940e-01 -5.206324e+00 -0.154149 0.978216 0.139037 0.058909 0.149568 -0.986995 -0.986290 -0.143954 -0.080681  4.719963e-01 4.052217e-01 4.765293e-01
RCUBE(2.000000e-01) -1.448302e+00 -3.372588e+00 3.968719e+00 0.318662 0.678893 0.661483 -0.944193 0.165957 0.284531 0.083388 -0.715236 0.693890  7.314704e-01 2.974753e-01 2.503237e-01
RCUBE(2.000000e-01) 1.198700e+00 3.523255e-01 -5.135543e+00 -0.924149 -0.310815 -0.222131 -0.211688 -0.067398 0.975011 -0.318019 0.948078 -0.003510  3.249050e-01 4.836968e-01 5.903969e-01
RCUBE(2.000000e-01) -6.377192e-01 -5.224494e+00 -7.646741e-01 -0.284501 0.413833 -0.864755 -0.376207 -0.877868 -0.296338 -0.881775 0.241019 0.405441  4.960726e-01 4.856753e-01 4.498645e-01
RCUBE(2.000000e-01) -2.516072e+00 4.152132e+00 4.107855e-01 0.522246 -0.086880 -0.848358 0.761019 0.496411 0.417644 0.384849 -0.863729 0.325366  2.902290e-01 5.312103e-01 4.989394e-01
RCUBE(2.000000e-01) -1.410838e+00 1.265805e+00 2.950179e+00 -0.025568 -0.224310 -0.974182 -0.517211 0.836903 -0.179126 0.855476 0.499278 -0.137414  3.757451e-01 2.813756e-01 7.329998e-01
RCUBE(2.000000e-01) 5.624218e+00 -4.026878e-01 1.039031e+00 -0.182711 0.204266 -0.961713 0.263486 -0.932224 -0.248061 -0.947202 -0.298722 0.116506  4.893876e-01 4.179580e-01 5.472766e-01
RCUBE(2.000000e-01) -6.844053e+00 -1.646062e+00 1.665166e+00 0.264083 -0.957460 0.116322 0.196461 0.171474 0.965401 -0.944279 -0.232093 0.233387  4.263322e-01 4.930887e-01 5.273543e-01
RCUBE(2.000000e-01) 3.469064e+00 5.203219e+00 -8.100247e-01 0.484589 0.874717 -0.006603 0.855083 -0.472093 0.214388 0.184411 -0.109536 -0.976726  2.816120e-01 3.933502e-01 7.172255e-01
RCUBE(2.000000e-01) -9.105043e-01 -4.661504e-01 6.169318e+00 0.959202 0.125444 0.253366 0.243145 0.091257 -0.965688 -0.144261 0.987895 0.057033  3.895530e-01 5.562155e-01 4.421890e-01
RCUBE(2.000000e-01) 3.041710e+00 1.498767e+00 -3.304785e+00 -0.834502 0.207891 0.510282 0.500159 0.674363 0.543209 -0.231187 0.708531 -0.666736  5.323561e-01 3.621193e-01 2.754712e-01
RCUBE(2.000000e-01) -7.852466e-01 1.477166e-01 1.655397e+00 0.843764 0.192351 -0.501063 0.368164 -0.886735 0.279565 -0.390536 -0.420360 -0.819011  4.494707e-01 5.508263e-01 3.858299e-01
RCUBE(2.000000e-01) -1.730388e+00 -2.876032e+00 -1.631858e+00 -0.074027 -0.144352 -0.986753 0.888488 -0.458899 0.000477 -0.452889 -0.876684 0.162226  3.766223e-01 2.858734e-01 7.210569e-01
RCUBE(2.000000e-01) -6.861541e+00 1.461788e-01 2.270710e+00 0.264261 -0.185627 0.946419 -0.960885 0.033631 0.274897 -0.082857 -0.982045 -0.169479  4.691550e-01 5.653142e-01 3.651651e-01
RCUBE(2.000000e-01) -1.754477e+00 5.956878e+00 -9.268217e-01 0.265310 -0.950968 0.158966 0.306884 -0.073010 -0.948942 0.914020 0.300548 0.272467  3.758087e-01 5.396762e-01 5.322794e-01
RCUBE(2.000000e-01) -3.707554e+00 -4.611111e+00 2.146864e+00 0.104150 -0.615385 -0.781316 -0.746634 0.470600 -0.470184 0.657031 0.632327 -0.410454  4.048455e-01 2.735924e-01 4.551090e-01
RCUBE(2.000000e-01) 6.904325e+00 -2.147665e+00 1.826779e-01 -0.952900 0.301840 -0.029564 -0.057981 -0.276987 -0.959123 -0.297690 -0.912234 0.281442  5.346098e-01 3.012198e-01 5.575988e-01
RCUBE(2.000000e-01) 3.991425e+00 1.351467e+00 1.195661e+00 0.275580 0.955767 -0.102790 -0.376894 0.205798 0.903105 0.884311 -0.210137 0.416936  3.732231e-01 6.221034e-01 4.512750e-01
RCUBE(2.000000e-01) 1.902012e+00 -1.368861e+00 -4.798811e+00 -0.385780 0.868706 -0.310682 -0.321560 0.189026 0.927830 0.864739 0.457841 0.206419  4.148496e-01 4.276304e-01 5.957867e-01
RCUBE(2.000000e-01) 5.788546e+00 4.038935e+00 -1.582895e+00 0.801370 0.554550 -0.224232 -0.306711 0.702774 0.641901 0.513551 -0.445626 0.733269  4.758081e-01 3.145074e-01 3.669714e-01
RCUBE(2.000000e-01) 5.996893e+00 1.936369e+00 3.752604e-02 0.965594 0.154501 0.209185 0.003969 0.795536 -0.605894 -0.260025 0.585878 0.767551  7.639562e-01 3.376732e-01 2.185334e-01
RCUBE(2.000000e-01) -5.593228e-01 2.853116e+00 -3.781281e+00 -0.667052 -0.098227 0.738507 -0.392973 0.888546 -0.236767 -0.632941 -0.448149 -0.631307  2.712745e-01 6.180795e-01 3.688074e-01
RCUBE(2.000000e-01) -2.722475e+00 1.094169e+00 -5.580325e+00 0.036011 0.994646 -0.096859 0.956722 -0.062318 -0.284251 -0.288766 -0.082431 -0.953845  3.987761e-01 5.963769e-01 3.654751e-01
RCUBE(2.000000e-01) -4.225674e+00 1.804726e+00 -4.301145e+00 -0.243633 -0.960312 0.135804 -0.376600 0.222707 0.899208 -0.893765 0.167933 -0.415912  3.992799e-01 6.287883e-01 4.225750e-01
RCUBE(2.000000e-01) 6.109150e+00 2.520701e+00 -2.942567e+00 0.489762 -0.188788 0.851171 -0.215385 0.919816 0.327945 -0.844833 -0.343945 0.409828  3.994824e-01 6.000108e-01 4.184775e-01
RCUBE(2.000000e-01) -2.070977e+00 2.497229e+00 -6.445606e+00 0.361546 -0.475602 0.801927 -0.884679 -0.446516 0.134037 0.294325 -0.757909 -0.582192  5.839870e-01 3.099304e-01 4.141531e-01
RCUBE(2.000000e-01) 4.867631e+00 1.240746e+00 -5.188356e+00 -0.408094 -0.592785 -0.694310 0.734633 0.238291 -0.635242 0.542009 -0.769301 0.338234  3.794567e-01 4.324553e-01 3.144478e-01
RCUBE(2.000000e-01) -4.432477e+00 4.484922e+00 -6.167358e-01 0.306535 -0.227069 0.924379 0.740971 0.666514 -0.081989 -0.597494 0.710070 0.372561  3.203923e-01 2.696426e-01 6.821490e-01
