2000 
-11.000000 11.000000
-11.000000 11.000000
-11.000000 11.000000
RCUBE(1.000000e+00) -4.013527e+00 -2.486803e+00 4.952395e+00 0.435000 0.395682 0.808833 0.774387 0.293958 -0.560279 -0.459455 0.870072 -0.178539  0.000000 0.100000 0.100000
RCUBE(1.000000e+00) 1.709895e+00 4.526731e+00 2.120203e+00 -0.527438 0.829559 -0.183415 -0.230138 0.068310 0.970757 0.817830 0.554225 0.154884  0.000000 0.100000 0.100000
RCUBE(1.000000e+00) -3.906896e+00 -1.871678e+00 -6.742793e+00 -0.495374 -0.222902 -0.839595 0.774392 0.324617 -0.543085 0.393601 -0.919206 0.011807  0.000000 0.100000 0.100000
RCUBE(1.000000e+00) 5.198198e-01 -2.974521e+00 7.418077e+00 0.862390 0.487698 0.135772 0.065378 -0.373241 0.925428 0.502005 -0.789204 -0.353764  0.000000 0.100000 0.100000
RCUBE(1.000000e+00) -2.574974e+00 1.552128e+00 4.841619e+00 -0.863536 -0.487748 -0.128089 -0.208137 0.113367 0.971507 -0.459330 0.865592 -0.199416  0.000000 0.100000 0.100000
RCUBE(1.000000e+00) 4.182866e+00 2.562633e+00 -6.323556e+00 -0.523598 -0.304559 0.795669 0.663011 0.440841 0.605042 -0.535034 0.844336 -0.028897  0.000000 0.100000 0.100000
RCUBE(1.000000e+00) -5.297982e+00 -5.300102e+00 -2.601751e+00 -0.430467 0.116605 0.895043 0.689831 0.681999 0.242921 -0.582093 0.721997 -0.374016  0.000000 0.100000 0.100000
RCUBE(1.000000e+00) 2.224327e+00 -6.281279e+00 1.714368e+00 0.285202 -0.239919 -0.927954 0.423401 -0.837042 0.346544 -0.859879 -0.491731 -0.137144  0.000000 0.100000 0.100000
RCUBE(1.000000e+00) 3.277686e+00 4.518739e+00 -4.053937e+00 0.421507 0.662682 -0.619019 -0.802477 0.590494 0.085717 0.422330 0.460618 0.780685  0.000000 0.100000 0.100000
RCUBE(1.000000e+00) 2.073634e+00 2.270141e-01 1.545555e+00 0.445362 -0.877192 0.179408 0.874538 0.469140 0.122846 -0.191927 0.102188 0.976075  0.000000 0.100000 0.100000
RCUBE(1.000000e+00) -1.634192e+00 1.988089e+00 5.174357e+00 -0.166704 0.129350 0.977486 0.863224 0.498233 0.081286 -0.476501 0.857340 -0.194716  0.000000 0.100000 0.100000
RCUBE(1.000000e+00) 5.250018e+00 1.029564e+00 -2.114964e+00 0.449873 -0.878797 0.159154 0.191292 -0.079254 -0.978328 0.872366 0.470568 0.132452  0.000000 0.100000 0.100000
RCUBE(1.000000e+00) -7.745412e+00 6.993697e-01 1.371310e+00 -0.992501 0.003820 -0.122177 0.116640 -0.269374 -0.955946 -0.036563 -0.963028 0.266908  0.000000 0.100000 0.100000
RCUBE(1.000000e+00) 4.097470e+00 8.442459e-01 1.889963e+00 -0.200361 0.069451 0.977257 0.886332 0.437875 0.150601 -0.417457 0.896349 -0.149290  0.000000 0.100000 0.100000
RCUBE(1.000000e+00) 4.978132e+00 -5.318346e+00 3.312150e+00 0.633286 0.740612 0.224596 0.633272 -0.662718 0.399715 0.444877 -0.110903 -0.888698  0.000000 0.100000 0.100000
RCUBE(1.000000e+00) -2.476234e+00 7.583393e+00 -5.180494e-01 0.303477 -0.947891 0.096972 -0.935016 -0.315846 -0.161204 0.183432 -0.041748 -0.982145  0.000000 0.100000 0.100000
RCUBE(1.000000e+00) 4.993910e-01 -2.873487e+00 -5.761371e-01 0.197817 -0.073375 -0.977489 0.835092 0.534806 0.128855 0.513313 -0.841783 0.167069  0.000000 0.100000 0.100000
RCUBE(1.000000e+00) 7.518572e+00 -1.799931e+00 2.107332e+00 -0.155780 -0.966093 -0.205904 0.941341 -0.208363 0.265445 -0.299348 -0.152474 0.941882  0.000000 0.100000 0.100000
RCUBE(1.000000e+00) 6.315028e+00 7.199114e-01 4.845955e+00 0.773060 0.132644 0.620310 -0.292244 0.942404 0.162689 -0.563003 -0.307050 0.767299  0.000000 0.100000 0.100000
RCUBE(1.000000e+00) 1.550470e+00 -7.556928e-01 -7.797676e+00 -0.164664 0.062628 0.984359 -0.814512 -0.571482 -0.099892 0.556287 -0.818221 0.145114  0.000000 0.100000 0.100000
RCUBE(1.000000e+00) 3.477965e+00 5.749880e+00 -4.336438e+00 0.756472 -0.611164 -0.232870 0.498217 0.307821 0.810572 -0.423710 -0.729195 0.537350  0.000000 0.100000 0.100000
RCUBE(1.000000e+00) 8.692993e-01 -1.198137e+00 6.655589e+00 -0.163710 0.075157 0.983641 -0.865648 -0.489152 -0.106698 0.473131 -0.868955 0.145138  0.000000 0.100000 0.100000
RCUBE(1.000000e+00) -3.837479e+00 5.183645e-01 -8.946107e-01 0.478040 -0.848861 0.225639 -0.843308 -0.515397 -0.152307 0.245581 -0.117474 -0.962232  0.000000 0.100000 0.100000
RCUBE(1.000000e+00) 5.819960e-01 1.005630e+00 3.322000e-01 0.259267 -0.111771 -0.959316 0.483561 -0.844792 0.229117 -0.836032 -0.523291 -0.164979  0.000000 0.100000 0.100000
RCUBE(1.000000e+00) 4.663498e+00 -3.011436e+00 -2.008621e+00 -0.805407 -0.579460 -0.124685 0.165763 -0.018238 -0.985997 0.569071 -0.814797 0.110742  0.000000 0.100000 0.100000
RCUBE(1.000000e+00) 7.085266e+00 -2.108496e+00 3.039419e+00 -0.386492 -0.108327 0.915909 0.210387 0.956541 0.201910 -0.897976 0.270732 -0.346905  0.000000 0.100000 0.100000
RCUBE(1.000000e+00) 2.259991e+00 -4.053230e+00 9.631156e-01 0.487501 -0.848136 0.207386 0.223839 -0.108183 -0.968603 0.843943 0.518616 0.137107  0.000000 0.100000 0.100000
RCUBE(1.000000e+00) 7.335690e-01 -3.179745e-01 -6.875974e+00 -0.545359 0.819218 -0.177382 -0.190620 0.084863 0.977989 0.816240 0.567168 0.109878  0.000000 0.100000 0.100000
RCUBE(1.000000e+00) -1.036720e+00 7.595336e-01 3.176347e+00 -0.815540 -0.553433 -0.169134 -0.514839 0.827326 -0.224661 0.264264 -0.096143 -0.959646  0.000000 0.100000 0.100000
RCUBE(1.000000e+00) -6.657742e+00 -8.120144e-01 -1.371535e+00 -0.879274 -0.453631 -0.145248 -0.227476 0.131999 0.964796 -0.418489 0.881360 -0.219253  0.000000 0.100000 0.100000
RCUBE(1.000000e+00) 3.986030e+00 6.047405e+00 -3.419590e+00 -0.396016 -0.241902 -0.885807 -0.498204 -0.753739 0.428567 -0.771339 0.611033 0.177976  0.000000 0.100000 0.100000
RCUBE(1.000000e+00) 7.727812e-01 -2.571068e+00 -6.149011e+00 0.839607 0.540901 0.049858 -0.520858 0.827734 -0.208718 -0.154165 0.149272 0.976704  0.000000 0.100000 0.100000
RCUBE(1.000000e+00) 6.769296e+00 -4.185178e+00 -5.872091e-01 0.054054 0.181555 -0.981894 -0.876872 0.479032 0.040302 0.477676 0.858817 0.185094  0.000000 0.100000 0.100000
RCUBE(1.000000e+00) -6.614216e+00 -1.661005e+00 4.189824e+00 0.413622 0.424021 0.805682 0.810708 0.231183 -0.537872 -0.414329 0.875648 -0.248135  0.000000 0.100000 0.100000
RCUBE(1.000000e+00) 7.378807e+00 2.998703e+00 4.145916e-01 -0.446179 0.893377 0.052932 0.051587 0.084722 -0.995068 -0.893456 -0.441248 -0.083887  0.000000 0.100000 0.100000
RCUBE(1.000000e+00) -4.312330e+00 -3.566899e-01 -4.111006e+00 0.236050 -0.093686 -0.967214 0.486724 -0.850087 0.201126 -0.841059 -0.518242 -0.155064  0.000000 0.100000 0.100000
RCUBE(1.000000e+00) 3.415844e+00 -6.855695e+00 -2.339901e+00 -0.893326 -0.448382 0.030375 -0.163159 0.260605 -0.951559 0.418746 -0.855008 -0.305963  0.000000 0.100000 0.100000
RCUBE(1.000000e+00) -3.158317e+00 3.459945e+00 -1.062492e+00 0.286026 -0.113227 -0.951508 0.584928 -0.765889 0.266970 -0.758978 -0.632924 -0.152835  0.000000 0.100000 0.100000
RCUBE(1.000000e+00) 8.053869e-01 6.888379e+00 3.976642e+00 0.978042 -0.196250 0.070147 -0.155427 -0.462614 0.872829 -0.138842 -0.864566 -0.482958  1
RCUBE(1.000000e+00) -1.165786e+00 2.236043e-01 -4.466630e+00 -0.521690 0.828156 -0.204934 -0.185617 0.124278 0.974731 0.832698 0.546547 0.088885  0.000000 0.100000 0.100000
RCUBE(1.000000e+00) 1.413011e+00 6.685727e+00 -4.155871e+00 -0.156563 -0.849338 0.504096 -0.831093 0.389057 0.397390 -0.533640 -0.356734 -0.766791  0.000000 0.100000 0.100000
RCUBE(1.000000e+00) -5.751971e+00 3.530122e+00 -4.288989e+00 0.481750 0.876097 -0.019275 0.465132 -0.274285 -0.841676 -0.742677 0.396512 -0.539638  0.000000 0.100000 0.100000
RCUBE(1.000000e+00) -7.545549e+00 -1.208184e-02 2.665778e+00 -0.143095 0.936936 -0.318865 -0.325102 -0.348801 -0.879003 -0.934790 -0.022117 0.354512  0.000000 0.100000 0.100000
RCUBE(1.000000e+00) -8.034197e-01 -6.146463e-01 -3.252482e+00 -0.801050 -0.575847 -0.163456 -0.549568 0.815723 -0.180476 0.237261 -0.054740 -0.969902  0.000000 0.100000 0.100000
RCUBE(1.000000e+00) -3.720371e+00 5.024393e+00 2.923757e+00 -0.554835 0.713272 0.428254 -0.825132 -0.537591 -0.173644 0.106370 -0.449710 0.886818  0.000000 0.100000 0.100000
RCUBE(1.000000e+00) 4.031760e+00 -2.034804e+00 5.291743e+00 0.471279 -0.617083 -0.630162 0.626276 -0.268950 0.731740 -0.621026 -0.739510 0.259714  0.000000 0.100000 0.100000
RCUBE(1.000000e+00) 7.159780e-01 6.842166e+00 -4.867286e-01 -0.962751 -0.080881 -0.258009 -0.265654 0.105144 0.958318 -0.050382 0.991162 -0.122714  0.000000 0.100000 0.100000
RCUBE(1.000000e+00) 2.352392e+00 -2.600307e+00 -4.516786e+00 -0.836996 -0.526585 -0.148814 0.477481 -0.835659 0.271450 -0.267299 0.156147 0.950878  0.000000 0.100000 0.100000
RCUBE(1.000000e+00) 4.083609e+00 5.406377e+00 -7.748601e-01 -0.562491 0.795276 -0.226140 -0.813760 -0.580898 -0.018753 -0.146278 0.173475 0.973914  0.000000 0.100000 0.100000
RCUBE(1.000000e+00) -2.618901e+00 -4.548844e+00 3.139487e+00 -0.219744 0.101662 0.970246 -0.865540 -0.479140 -0.145826 0.450059 -0.871831 0.193280  0.000000 0.100000 0.100000
RCUBE(1.000000e+00) 8.327769e-01 -5.696102e+00 7.176314e-01 0.223873 -0.049968 -0.973337 -0.843779 -0.509750 -0.167905 -0.487768 0.858870 -0.156281  0.000000 0.100000 0.100000
RCUBE(1.000000e+00) 2.203630e+00 9.027523e-01 -5.112661e+00 0.541159 -0.815285 0.206054 -0.218204 0.100500 0.970715 -0.812117 -0.570273 -0.123512  0.000000 0.100000 0.100000
RCUBE(1.000000e+00) -6.810776e-01 7.202419e+00 -3.442504e+00 0.509796 -0.333463 -0.793039 -0.088820 0.896494 -0.434062 0.855698 0.291721 0.427411  0.000000 0.100000 0.100000
RCUBE(1.000000e+00) -1.365238e+00 -3.293109e+00 5.417391e+00 0.062825 -0.355527 0.932552 0.857019 0.498053 0.132142 -0.511440 0.790913 0.335983  0.000000 0.100000 0.100000
RCUBE(1.000000e+00) -3.861851e+00 -5.415275e+00 -1.367960e+00 0.493103 -0.852500 0.173473 -0.217617 0.072192 0.973361 -0.842313 -0.517718 -0.149921  0.000000 0.100000 0.100000
RCUBE(1.000000e+00) 4.848590e+00 -9.032881e-01 3.197792e+00 0.448595 -0.885410 0.121701 -0.184794 0.041339 0.981908 -0.874422 -0.462969 -0.145074  0.000000 0.100000 0.100000
RCUBE(1.000000e+00) 3.699054e+00 -2.064243e+00 6.802920e+00 -0.354035 0.825555 0.439453 0.452401 -0.260078 0.853049 0.818531 0.500818 -0.281405  0.000000 0.100000 0.100000
RCUBE(1.000000e+00) 1.663927e+00 7.482080e+00 2.043069e+00 0.108352 0.954901 0.276448 0.131773 0.261835 -0.956074 -0.985340 0.140021 -0.097460  0.000000 0.100000 0.100000
RCUBE(1.000000e+00) 6.616164e+00 2.010116e+00 2.895746e-01 -0.333982 0.941858 -0.036861 0.012524 -0.034669 -0.999320 -0.942496 -0.334217 -0.000217  0.000000 0.100000 0.100000
RCUBE(1.000000e+00) 3.223357e+00 6.702460e+00 -2.975080e+00 0.369610 0.199354 0.907550 0.410556 0.841164 -0.351975 -0.833566 0.502694 0.229057  0.000000 0.100000 0.100000
RCUBE(1.000000e+00) 4.374112e-01 2.436401e+00 3.058173e+00 0.213556 -0.105819 -0.971183 0.845666 0.517753 0.129542 0.489125 -0.848960 0.200057  0.000000 0.100000 0.100000
RCUBE(1.000000e+00) 1.362457e-01 -4.382743e+00 -1.615295e+00 -0.203295 0.065728 0.976909 -0.893116 -0.421348 -0.157508 0.401266 -0.904514 0.144360  0.000000 0.100000 0.100000
RCUBE(1.000000e+00) 7.550350e+00 -2.504331e+00 8.675837e-01 0.945868 -0.315261 0.077095 -0.292908 -0.931521 -0.215578 0.139779 0.181326 -0.973439  0.000000 0.100000 0.100000
RCUBE(1.000000e+00) -2.616277e+00 -3.255935e+00 -5.577117e+00 -0.762032 -0.314009 0.566309 -0.382989 -0.486630 -0.785182 0.522137 -0.815224 0.250566  0.000000 0.100000 0.100000
RCUBE(1.000000e+00) -2.514811e+00 4.104811e+00 1.208973e-01 -0.286276 0.130292 0.949247 0.470924 -0.843658 0.257821 0.834432 0.520831 0.180161  0.000000 0.100000 0.100000
RCUBE(1.000000e+00) -2.395490e+00 1.134946e+00 2.627054e+00 -0.811395 -0.565837 -0.146515 0.263630 -0.130562 -0.955747 0.521667 -0.814114 0.255109  0.000000 0.100000 0.100000
RCUBE(1.000000e+00) -5.792348e+00 2.978254e+00 1.527134e+00 0.823242 0.542799 0.166261 0.272217 -0.120441 -0.954669 -0.498168 0.831182 -0.246911  0.000000 0.100000 0.100000
RCUBE(1.000000e+00) 2.113817e+00 -1.332683e+00 -3.864946e+00 -0.532504 0.830522 -0.163317 -0.830726 -0.549797 -0.087274 -0.162275 0.089198 0.982706  0.000000 0.100000 0.100000
RCUBE(1.000000e+00) 1.321337e+00 -4.513389e+00 7.666349e-01 -0.807438 -0.568325 -0.158271 -0.545383 0.821369 -0.167063 0.224945 -0.048575 -0.973160  0.000000 0.100000 0.100000
RCUBE(1.000000e+00) -1.284590e-01 6.306216e+00 4.932976e+00 -0.959443 -0.164438 0.228976 -0.281715 0.589069 -0.757387 -0.010339 -0.791175 -0.611502  1
RCUBE(1.000000e+00) -1.415318e+00 -3.950567e+00 1.221044e-01 -0.201524 0.058608 0.977728 0.825682 0.547152 0.137387 -0.526914 0.834979 -0.158656  0.000000 0.100000 0.100000
RCUBE(1.000000e+00) 4.183517e+00 5.541626e+00 3.993184e+00 0.431147 0.295317 -0.852584 0.744197 -0.650680 0.150954 -0.510180 -0.699574 -0.500313  0.000000 0.100000 0.100000
RCUBE(1.000000e+00) 7.168964e+00 2.542605e+00 2.487157e+00 -0.882735 -0.351528 -0.311780 -0.397131 0.912810 0.095205 0.251128 0.207859 -0.945373  0.000000 0.100000 0.100000
RCUBE(1.000000e+00) -5.629745e+00 3.893405e+00 -7.475077e-01 -0.730478 0.635195 -0.250857 0.642975 0.763464 0.060871 0.230185 -0.116830 -0.966109  0.000000 0.100000 0.100000
RCUBE(1.000000e+00) -7.019200e-02 -3.287775e+00 4.641970e+00 0.861461 0.489592 0.134850 -0.443410 0.854623 -0.270198 -0.247533 0.172971 0.953315  0.000000 0.100000 0.100000
RCUBE(1.000000e+00) -2.658429e+00 7.041590e+00 2.646860e+00 -0.949118 -0.272127 -0.158500 -0.310959 0.889412 0.335040 0.049799 0.367279 -0.928777  0.000000 0.100000 0.100000
RCUBE(1.000000e+00) -1.885234e+00 6.007626e-01 1.792684e+00 -0.836797 -0.524579 -0.156803 0.479712 -0.840506 0.251848 -0.263908 0.135525 0.954979  0.000000 0.100000 0.100000
RCUBE(1.000000e+00) 4.616094e+00 4.404568e-03 1.007031e+00 0.180510 -0.077703 -0.980499 -0.880427 -0.457174 -0.125856 -0.438479 0.885976 -0.150937  0.000000 0.100000 0.100000
RCUBE(1.000000e+00) -4.006645e+00 1.029428e+00 -4.181475e+00 -0.539574 0.806401 -0.242030 0.802372 0.579601 0.142346 0.255069 -0.117392 -0.959770  0.000000 0.100000 0.100000
RCUBE(1.000000e+00) 3.024587e+00 4.329240e+00 4.370003e+00 -0.494889 0.836988 -0.233528 0.570498 0.515672 0.639230 0.655452 0.183121 -0.732700  0.000000 0.100000 0.100000
RCUBE(1.000000e+00) -8.805587e-01 -1.172916e+00 2.177124e+00 0.837725 0.529902 0.131988 -0.195856 0.065925 0.978414 0.509762 -0.845492 0.159012  0.000000 0.100000 0.100000
RCUBE(1.000000e+00) -7.403450e+00 -2.953426e+00 2.515613e-01 0.914417 0.402694 -0.040983 0.398675 -0.878498 0.263248 0.070005 -0.257057 -0.963857  0.000000 0.100000 0.100000
RCUBE(1.000000e+00) -5.482879e-01 -2.362501e+00 4.395988e+00 -0.477789 0.863753 -0.160151 0.183496 -0.080156 -0.979747 -0.859096 -0.497500 -0.120197  0.000000 0.100000 0.100000
RCUBE(1.000000e+00) -3.950279e+00 -4.918576e+00 4.932370e+00 -0.499762 -0.622583 0.602187 -0.726380 0.679957 0.100155 -0.471816 -0.387363 -0.792048  0.000000 0.100000 0.100000
RCUBE(1.000000e+00) -2.572654e+00 6.121597e-01 -1.663372e+00 -0.516975 0.828545 -0.215060 -0.822697 -0.550322 -0.142533 -0.236447 0.103243 0.966144  0.000000 0.100000 0.100000
RCUBE(1.000000e+00) -3.963886e+00 2.589328e+00 -1.157439e-01 0.263119 -0.098147 -0.959758 -0.841706 -0.509524 -0.178650 -0.471486 0.854841 -0.216676  0.000000 0.100000 0.100000
RCUBE(1.000000e+00) 4.009416e-01 1.318524e+00 7.880756e+00 -0.525298 0.844425 -0.104920 -0.850332 -0.516355 0.101551 0.031576 0.142561 0.989282  0.000000 0.100000 0.100000
RCUBE(1.000000e+00) -6.933322e+00 -3.585673e+00 1.437705e+00 0.489024 -0.837346 0.244349 -0.870670 -0.485543 0.078623 0.052808 -0.251196 -0.966495  0.000000 0.100000 0.100000
RCUBE(1.000000e+00) -4.475777e-01 3.303018e+00 -3.530033e+00 -0.560883 0.794191 -0.233817 0.794296 0.595855 0.118538 0.233462 -0.119234 -0.965028  0.000000 0.100000 0.100000
RCUBE(1.000000e+00) -6.235635e+00 8.210905e-01 -4.933391e+00 0.301136 0.936427 -0.180062 0.756599 -0.119700 0.642830 0.580410 -0.329813 -0.744545  0.000000 0.100000 0.100000
RCUBE(1.000000e+00) 7.923161e+00 9.236025e-01 -7.550870e-01 0.115155 -0.986573 -0.115816 -0.107855 0.103485 -0.988766 0.987475 0.126353 -0.094490  0.000000 0.100000 0.100000
RCUBE(1.000000e+00) -3.063336e+00 4.663624e+00 9.707662e-01 -0.824365 -0.538370 -0.174872 0.257681 -0.081847 -0.962757 0.504006 -0.838725 0.206200  0.000000 0.100000 0.100000
RCUBE(1.000000e+00) 1.020774e+00 -3.720684e+00 -4.109908e-01 -0.184350 0.063422 0.980812 0.835871 0.535081 0.122507 -0.517045 0.842417 -0.151655  0.000000 0.100000 0.100000
RCUBE(1.000000e+00) 2.375047e+00 -7.178411e+00 -2.654486e+00 -0.192798 0.301318 -0.933829 0.292361 -0.890820 -0.347801 -0.936672 -0.340070 0.083655  0.000000 0.100000 0.100000
RCUBE(1.000000e+00) -4.019233e+00 -2.432319e+00 -3.534429e+00 0.581927 0.114454 -0.805147 0.468833 -0.856180 0.217144 -0.664497 -0.503842 -0.551894  0.000000 0.100000 0.100000
RCUBE(1.000000e+00) -4.129232e+00 3.281376e+00 4.429728e+00 0.839525 0.505395 0.199432 -0.510958 0.609617 0.606044 0.184714 -0.610690 0.770025  0.000000 0.100000 0.100000
RCUBE(1.000000e+00) 1.963431e-01 -6.607105e-02 -3.914678e+00 0.208595 -0.069339 -0.975541 -0.806791 -0.576001 -0.131571 -0.552790 0.814503 -0.176093  0.000000 0.100000 0.100000
RCUBE(1.000000e+00) 1.811376e+00 6.633517e+00 -2.774735e-01 -0.128957 -0.980096 0.150938 0.233982 -0.177985 -0.955810 0.963650 -0.087942 0.252278  0.000000 0.100000 0.100000
RCUBE(1.000000e+00) 7.727979e+00 1.848952e+00 9.630807e-01 -0.246282 0.963840 0.101771 -0.082130 -0.125382 0.988703 0.965712 0.235141 0.110040  0.000000 0.100000 0.100000
RCUBE(1.000000e+00) -3.318299e+00 -5.441189e+00 -2.463830e+00 -0.631758 -0.685103 -0.362651 -0.468498 -0.035260 0.882761 -0.617569 0.727592 -0.298693  0.000000 0.100000 0.100000
RCUBE(1.000000e+00) -6.144660e-01 4.153951e+00 2.628433e+00 0.482552 -0.855956 0.185697 -0.839707 -0.512403 -0.179823 0.249072 -0.069157 -0.966013  0.000000 0.100000 0.100000
RCUBE(1.000000e+00) 6.123197e+00 -5.689113e-01 5.144118e+00 -0.183075 0.929604 0.319876 0.625912 0.361124 -0.691248 -0.758101 0.073664 -0.647963  0.000000 0.100000 0.100000
RCUBE(1.000000e+00) -5.874869e-01 -7.865570e+00 -1.386967e+00 -0.949991 0.102877 -0.294844 -0.306973 -0.134384 0.942183 0.057307 0.985575 0.159244  0.000000 0.100000 0.100000
RCUBE(1.000000e+00) 4.428085e+00 -4.339363e+00 -5.019047e+00 0.413344 -0.550689 0.725182 0.728671 0.677634 0.099250 -0.546064 0.487394 0.681367  0.000000 0.100000 0.100000
RCUBE(1.000000e+00) -6.442183e+00 9.361988e-01 4.669746e+00 0.369167 -0.677418 0.636255 0.798516 -0.119066 -0.590082 0.475488 0.725898 0.496974  0.000000 0.100000 0.100000
RCUBE(1.000000e+00) 1.987987e-01 -5.514352e+00 -5.754257e+00 0.414663 -0.648885 0.637968 -0.902387 -0.383574 0.196390 0.117274 -0.657130 -0.744599  0.000000 0.100000 0.100000
RCUBE(1.000000e+00) 9.896446e-01 -4.651044e+00 -3.577930e+00 -0.809370 -0.570000 -0.141492 -0.223010 0.075408 0.971895 -0.543310 0.818177 -0.188148  0.000000 0.100000 0.100000
RCUBE(1.000000e+00) -7.557538e+00 2.244617e+00 -1.165528e+00 -0.347581 -0.921710 0.172157 0.927365 -0.310805 0.208314 -0.138497 0.232059 0.962791  0.000000 0.100000 0.100000
RCUBE(1.000000e+00) -2.638142e+00 -5.748532e+00 -4.914402e+00 0.703777 0.248315 -0.665611 -0.635007 0.639972 -0.432668 0.318534 0.727170 0.608079  0.000000 0.100000 0.100000
RCUBE(1.000000e+00) -4.980124e+00 -9.967142e-01 -6.141532e+00 0.603194 0.208093 0.769970 0.017876 0.961596 -0.273886 -0.797394 0.178971 0.576309  0.000000 0.100000 0.100000
RCUBE(1.000000e+00) -1.912715e+00 -2.552901e+00 6.089252e+00 -0.849723 -0.490711 -0.192806 -0.050007 -0.289035 0.956012 -0.524853 0.821987 0.221060  0.000000 0.100000 0.100000
RCUBE(1.000000e+00) 5.067759e+00 -9.607577e-01 2.173587e+00 0.888680 0.444944 0.110782 -0.428654 0.891950 -0.143807 -0.162798 0.080312 0.983385  0.000000 0.100000 0.100000
RCUBE(1.000000e+00) -2.960816e+00 -4.944600e+00 -1.213794e+00 -0.217094 0.072219 0.973475 -0.449052 0.878085 -0.165285 -0.866731 -0.473024 -0.158197  0.000000 0.100000 0.100000
RCUBE(1.000000e+00) 2.464756e+00 2.843573e-01 -1.542885e+00 0.364704 -0.912981 0.182913 0.216201 -0.108042 -0.970352 0.905675 0.393437 0.157984  0.000000 0.100000 0.100000
RCUBE(1.000000e+00) 4.537636e+00 -6.483117e+00 -1.205945e+00 -0.058141 -0.235136 0.970222 0.808781 0.558633 0.183852 -0.585228 0.795387 0.157694  0.000000 0.100000 0.100000
RCUBE(1.000000e+00) -5.405195e+00 -7.749231e-01 5.713416e+00 0.480055 -0.836455 0.264366 -0.688920 -0.172907 0.703912 -0.543081 -0.520044 -0.659256  0.000000 0.100000 0.100000
RCUBE(1.000000e+00) -5.624543e+00 3.666465e+00 -1.778672e+00 0.768732 -0.578878 0.271942 -0.587330 -0.807258 -0.058116 0.253170 -0.115044 -0.960557  0.000000 0.100000 0.100000
RCUBE(1.000000e+00) 2.284803e+00 6.571213e-01 7.653196e+00 0.496930 -0.865084 -0.068484 -0.287497 -0.089658 -0.953576 0.818784 0.493549 -0.293263  0.000000 0.100000 0.100000
RCUBE(1.000000e+00) 3.155977e+00 5.681757e-01 -7.291910e+00 0.375116 0.131536 -0.917598 0.734359 0.561909 0.380756 0.565690 -0.816674 0.114187  0.000000 0.100000 0.100000
RCUBE(1.000000e+00) -6.485737e+00 -1.522939e+00 -4.454124e+00 0.217177 -0.976092 0.008828 -0.545325 -0.113822 0.830461 -0.809602 -0.185171 -0.557007  0.000000 0.100000 0.100000
RCUBE(1.000000e+00) 2.991391e+00 -6.256451e+00 4.025380e+00 0.370179 -0.779003 0.506085 -0.847890 -0.505912 -0.158541 0.379538 -0.370416 -0.847787  0.000000 0.100000 0.100000
RCUBE(1.000000e+00) -2.556212e+00 3.784666e+00 1.229129e+00 -0.826042 -0.531397 -0.187806 0.480851 -0.838295 0.256990 -0.294001 0.121978 0.947990  0.000000 0.100000 0.100000
RCUBE(1.000000e+00) 6.176091e+00 -3.507974e+00 3.704485e+00 0.375806 0.898761 0.225830 -0.529487 0.008254 0.848278 0.760535 -0.438362 0.478984  0.000000 0.100000 0.100000
RCUBE(1.000000e+00) 2.845512e+00 -4.753224e+00 5.759237e+00 0.429937 -0.565389 -0.703910 -0.344111 0.618182 -0.706709 0.834711 0.546064 0.071223  0.000000 0.100000 0.100000
RCUBE(1.000000e+00) -3.339884e-01 1.945154e+00 -7.700490e+00 -0.664854 0.677526 0.314528 0.083347 -0.351152 0.932601 0.742308 0.646259 0.176995  0.000000 0.100000 0.100000
RCUBE(1.000000e+00) 6.314574e+00 4.811410e+00 3.787870e-01 0.013788 0.111746 -0.993641 -0.817933 -0.570339 -0.075491 -0.575148 0.813773 0.083537  0.000000 0.100000 0.100000
RCUBE(1.000000e+00) -4.636232e-01 6.283823e+00 2.474520e+00 0.233504 -0.118611 -0.965095 -0.145246 -0.985651 0.085996 -0.961447 0.120095 -0.247381  0.000000 0.100000 0.100000
RCUBE(1.000000e+00) 4.748695e+00 4.901610e+00 4.582704e-01 0.175711 -0.069079 -0.982015 0.715457 -0.676233 0.175585 -0.676200 -0.733442 -0.069398  0.000000 0.100000 0.100000
RCUBE(1.000000e+00) -1.823077e+00 2.068354e+00 -2.669249e+00 -0.429085 0.878530 -0.209930 -0.873351 -0.462831 -0.151808 -0.230530 0.118204 0.965859  0.000000 0.100000 0.100000
RCUBE(1.000000e+00) -3.090919e-01 7.827024e-01 -4.321447e+00 -0.542865 0.823426 -0.165129 -0.185774 0.074013 0.979801 0.819015 0.562576 0.112792  0.000000 0.100000 0.100000
RCUBE(1.000000e+00) 4.930441e+00 -3.151899e+00 3.442448e+00 0.295100 -0.069688 -0.952921 -0.827851 -0.516605 -0.218589 -0.477051 0.853383 -0.210142  0.000000 0.100000 0.100000
RCUBE(1.000000e+00) -2.805830e+00 2.966095e+00 -5.352519e+00 -0.749785 -0.660608 -0.037675 0.300472 -0.289199 -0.908890 0.589524 -0.692792 0.415332  0.000000 0.100000 0.100000
RCUBE(1.000000e+00) -1.712604e+00 6.488752e-01 7.768272e+00 0.821866 0.555420 0.126665 -0.186834 0.052749 0.980974 0.538171 -0.829895 0.147124  0.000000 0.100000 0.100000
RCUBE(1.000000e+00) 3.006296e+00 1.268281e+00 6.269437e-01 0.455785 -0.875048 0.162947 0.869659 0.476796 0.127905 -0.189615 0.083411 0.978309  0.000000 0.100000 0.100000
RCUBE(1.000000e+00) -4.184142e-01 7.752049e+00 1.870657e+00 -0.034951 0.984586 0.171372 0.990818 0.011728 0.134693 0.130608 0.174506 -0.975956  0.000000 0.100000 0.100000
RCUBE(1.000000e+00) -2.767656e+00 2.423307e+00 7.096063e+00 -0.830988 -0.550206 -0.082057 -0.464506 0.767454 -0.441869 0.306094 -0.329072 -0.893319  0.000000 0.100000 0.100000
RCUBE(1.000000e+00) -6.791836e+00 1.617060e+00 3.809703e+00 -0.241347 0.559392 -0.792990 -0.371152 -0.808228 -0.457181 -0.896659 0.183981 0.402683  0.000000 0.100000 0.100000
RCUBE(1.000000e+00) 1.063551e+00 1.062098e+00 5.677666e+00 0.455333 -0.873200 0.173763 -0.878072 -0.408170 0.249774 -0.147178 -0.266306 -0.952586  0.000000 0.100000 0.100000
RCUBE(1.000000e+00) 4.688988e+00 2.187169e+00 6.089833e+00 -0.476613 0.876988 0.061094 0.621269 0.286839 0.729211 0.621985 0.385507 -0.681557  0.000000 0.100000 0.100000
RCUBE(1.000000e+00) -2.408221e+00 5.079965e+00 -5.682859e+00 -0.722818 -0.652425 -0.227764 0.609898 -0.447335 -0.654153 0.324899 -0.611746 0.721254  0.000000 0.100000 0.100000
RCUBE(1.000000e+00) -1.418921e+00 1.848821e+00 4.098570e+00 0.874554 0.471728 0.112373 0.198401 -0.136621 -0.970552 -0.442484 0.871096 -0.213073  0.000000 0.100000 0.100000
RCUBE(1.000000e+00) -3.035036e-01 -8.869752e-01 -6.732477e+00 -0.088026 -0.237175 -0.967471 -0.835704 -0.510957 0.201298 -0.542079 0.826239 -0.153231  0.000000 0.100000 0.100000
RCUBE(1.000000e+00) -2.080902e+00 -2.571142e+00 -3.325378e+00 0.824005 0.544488 0.156681 0.255689 -0.110581 -0.960414 -0.505608 0.831448 -0.230339  0.000000 0.100000 0.100000
RCUBE(1.000000e+00) 2.851494e+00 3.593304e+00 3.241252e-01 0.865122 0.485860 0.124514 -0.468354 0.871384 -0.146065 -0.179467 0.068048 0.981408  0.000000 0.100000 0.100000
RCUBE(1.000000e+00) 1.202484e+00 4.509335e+00 -3.307932e+00 0.500396 -0.840335 0.208426 0.840560 0.529223 0.115685 -0.207518 0.117307 0.971172  0.000000 0.100000 0.100000
RCUBE(1.000000e+00) -5.696397e-01 -6.261989e+00 2.568769e+00 0.961834 -0.139857 0.235191 0.220293 -0.114072 -0.968741 0.162314 0.983579 -0.078909  0.000000 0.100000 0.100000
RCUBE(1.000000e+00) 4.331124e+00 -5.333325e+00 9.491924e-01 0.147953 0.009443 -0.988949 0.808214 0.575162 0.126406 0.570000 -0.817985 0.077465  0.000000 0.100000 0.100000
RCUBE(1.000000e+00) -5.072968e+00 1.839675e+00 -5.897171e+00 -0.621134 0.261479 -0.738797 -0.638724 0.377348 0.670552 0.454119 0.888390 -0.067371  0.000000 0.100000 0.100000
RCUBE(1.000000e+00) -1.028467e+00 -5.493163e+00 -1.821364e+00 0.260344 -0.047221 -0.964361 -0.004007 0.998742 -0.049986 0.965508 0.016878 0.259827  0.000000 0.100000 0.100000
RCUBE(1.000000e+00) 3.048733e+00 -4.290711e-01 4.919132e+00 0.901325 0.418412 0.112006 0.427133 -0.901518 -0.069454 0.071915 0.110442 -0.991277  0.000000 0.100000 0.100000
RCUBE(1.000000e+00) -6.657588e+00 1.633998e+00 -4.148419e+00 0.307286 0.941948 -0.135313 0.833098 -0.197560 0.516641 0.459917 -0.271486 -0.845442  0.000000 0.100000 0.100000
RCUBE(1.000000e+00) -3.395046e+00 7.219961e+00 4.009837e-01 0.876286 0.445588 0.183234 0.153260 0.102758 -0.982829 -0.456765 0.889321 0.021755  0.000000 0.100000 0.100000
RCUBE(1.000000e+00) -5.081695e+00 -5.954374e+00 -1.477164e+00 0.419740 -0.110501 -0.900893 0.696424 0.675743 0.241590 0.582076 -0.728808 0.360592  0.000000 0.100000 0.100000
RCUBE(1.000000e+00) 4.551564e+00 2.503543e+00 2.095696e+00 0.306413 0.007498 -0.951869 0.479624 -0.864975 0.147581 -0.822236 -0.501760 -0.268636  0.000000 0.100000 0.100000
RCUBE(1.000000e+00) 1.113967e+00 2.686250e+00 -5.172625e+00 0.236991 -0.069777 -0.969003 0.544742 -0.816326 0.192011 -0.804420 -0.573361 -0.155451  0.000000 0.100000 0.100000
RCUBE(1.000000e+00) -4.893033e+00 -4.299431e+00 4.629185e+00 -0.379334 -0.390602 -0.838770 0.674265 -0.737485 0.038498 -0.633618 -0.550950 0.543122  0.000000 0.100000 0.100000
RCUBE(1.000000e+00) -2.360275e-01 2.663254e+00 -1.251832e+00 -0.493725 0.832428 -0.251593 -0.833356 -0.535578 -0.136652 -0.248500 0.142198 0.958137  0.000000 0.100000 0.100000
RCUBE(1.000000e+00) 3.477545e+00 -5.194954e-01 -7.131219e+00 0.777296 0.593040 0.210037 0.331719 -0.102650 -0.937777 -0.534579 0.798603 -0.276512  0.000000 0.100000 0.100000
RCUBE(1.000000e+00) 4.469638e+00 -4.248879e+00 -3.148433e+00 0.608922 -0.664642 -0.432973 0.775461 0.613668 0.148567 0.166958 -0.426219 0.889079  0.000000 0.100000 0.100000
RCUBE(1.000000e+00) 1.921581e+00 -5.795660e-01 -5.590792e+00 -0.228792 0.089083 0.969391 -0.812672 -0.565699 -0.139819 0.535928 -0.819786 0.201822  0.000000 0.100000 0.100000
RCUBE(1.000000e+00) -5.902168e+00 1.843404e+00 -5.001228e+00 -0.802021 0.280749 -0.527203 0.461480 -0.269113 -0.845349 -0.379208 -0.921281 0.086274  0.000000 0.100000 0.100000
RCUBE(1.000000e+00) 8.128452e-01 -1.064699e+00 -4.765500e+00 0.824533 0.551790 0.125190 -0.526852 0.829412 -0.185750 -0.206329 0.087200 0.974589  0.000000 0.100000 0.100000
RCUBE(1.000000e+00) 1.350717e-01 -2.380403e+00 -2.842470e+00 0.201330 -0.117348 -0.972469 -0.831243 -0.545662 -0.106247 -0.518172 0.829748 -0.207402  0.000000 0.100000 0.100000
RCUBE(1.000000e+00) -5.460677e+00 -2.057254e+00 5.083679e-01 0.865484 0.489147 -0.108036 0.013577 -0.238495 -0.971049 -0.500752 0.838961 -0.213055  0.000000 0.100000 0.100000
RCUBE(1.000000e+00) -3.936644e+00 -6.592675e+00 1.938339e+00 -0.856218 0.429093 -0.287697 -0.450492 -0.892733 0.009224 -0.252879 0.137502 0.957677  0.000000 0.100000 0.100000
RCUBE(1.000000e+00) 1.172436e+00 1.987779e+00 -3.036629e+00 -0.526620 0.818322 -0.230260 -0.215049 0.133814 0.967392 0.822451 0.558965 0.105510  0.000000 0.100000 0.100000
RCUBE(1.000000e+00) -5.055192e+00 1.208491e+00 2.970927e+00 0.896926 0.391636 0.205292 -0.258787 0.088469 0.961875 0.358543 -0.915857 0.180700  0.000000 0.100000 0.100000
RCUBE(1.000000e+00) -9.599446e-01 -7.397471e+00 2.883556e+00 -0.275326 0.341447 0.898671 -0.108702 -0.939862 0.323794 0.955186 -0.008538 0.295884  0.000000 0.100000 0.100000
RCUBE(1.000000e+00) -2.855167e+00 -2.811226e+00 -2.438204e+00 -0.854397 -0.482941 -0.191766 -0.449516 0.872076 -0.193440 0.260655 -0.079073 -0.962188  0.000000 0.100000 0.100000
RCUBE(1.000000e+00) 7.140186e+00 -1.489991e+00 -3.224352e+00 -0.888739 0.124752 0.441112 0.243418 0.943818 0.223508 -0.388446 0.306015 -0.869175  0.000000 0.100000 0.100000
RCUBE(1.000000e+00) -6.625401e-01 3.476687e+00 4.760057e+00 0.476103 -0.857900 0.193219 -0.258963 0.073199 0.963109 -0.840395 -0.508576 -0.187315  0.000000 0.100000 0.100000
RCUBE(1.000000e+00) 4.671666e+00 6.367265e+00 -1.368113e+00 -0.578654 -0.797386 0.171276 -0.174821 -0.083855 -0.981023 0.796617 -0.597615 -0.090876  0.000000 0.100000 0.100000
RCUBE(1.000000e+00) -4.739590e+00 -3.907911e+00 -3.093893e+00 0.421255 0.037216 -0.906179 -0.487045 0.852143 -0.191416 0.765070 0.521984 0.377095  0.000000 0.100000 0.100000
RCUBE(1.000000e+00) -1.648614e+00 4.700956e+00 6.243720e+00 0.195719 -0.595207 -0.779374 -0.393709 0.680191 -0.618331 0.898158 0.427865 -0.101211  0.000000 0.100000 0.100000
RCUBE(1.000000e+00) 1.366936e+00 1.852642e-01 6.700791e+00 0.475107 -0.877420 0.066385 0.876256 0.478661 0.055303 -0.080299 0.031895 0.996260  0.000000 0.100000 0.100000
RCUBE(1.000000e+00) 2.784616e+00 1.170972e+00 1.671808e+00 -0.880597 -0.463090 -0.100485 0.151883 -0.074962 -0.985552 0.448867 -0.883135 0.136346  0.000000 0.100000 0.100000
RCUBE(1.000000e+00) 6.391732e+00 3.170993e+00 3.579745e+00 0.811984 0.350464 0.466752 -0.389025 -0.271205 0.880402 0.435135 -0.896450 -0.083874  0.000000 0.100000 0.100000
RCUBE(1.000000e+00) 3.466906e-01 1.423841e+00 -3.195053e+00 -0.521942 0.817617 -0.243060 -0.234832 0.136205 0.962446 0.820019 0.559419 0.120911  0.000000 0.100000 0.100000
RCUBE(1.000000e+00) -7.832066e+00 3.467416e-01 3.737534e-01 0.019443 -0.963849 0.265740 -0.995530 -0.043232 -0.083965 0.092418 -0.262920 -0.960381  0.000000 0.100000 0.100000
RCUBE(1.000000e+00) 2.089282e+00 5.978276e+00 2.018996e+00 0.495458 -0.849394 0.181799 0.834979 0.523407 0.169866 -0.239439 0.067637 0.968553  0.000000 0.100000 0.100000
RCUBE(1.000000e+00) 3.531952e+00 -1.065119e-01 -2.333202e+00 0.514901 -0.838899 0.176425 -0.202163 0.081170 0.975982 -0.833071 -0.538201 -0.127799  0.000000 0.100000 0.100000
RCUBE(1.000000e+00) 1.173192e-01 -1.757439e+00 5.534094e+00 -0.445653 0.877285 -0.178225 -0.200124 0.096418 0.975015 0.872550 0.470185 0.132597  0.000000 0.100000 0.100000
RCUBE(1.000000e+00) -7.461629e+00 1.882327e+00 -2.163892e+00 0.930979 -0.204861 0.302174 -0.248436 0.250981 0.935568 -0.267502 -0.946066 0.182763  0.000000 0.100000 0.100000
RCUBE(1.000000e+00) 1.951969e+00 -6.072919e+00 2.677657e+00 -0.299412 0.267286 0.915921 -0.411125 0.830129 -0.376645 -0.861004 -0.489330 -0.138662  0.000000 0.100000 0.100000
RCUBE(1.000000e+00) 1.726096e+00 -2.062842e+00 -6.278320e+00 -0.172885 0.122134 0.977340 0.831761 0.549561 0.078457 -0.527526 0.826478 -0.196598  0.000000 0.100000 0.100000
RCUBE(1.000000e+00) 3.518965e-01 4.874308e-01 4.712918e+00 0.444322 -0.873815 0.197551 0.183394 -0.127125 -0.974785 0.876895 0.469348 0.103768  0.000000 0.100000 0.100000
RCUBE(1.000000e+00) 8.817084e-01 9.758073e-01 -6.901681e-01 0.479186 -0.845070 0.237142 -0.835634 -0.521900 -0.171280 0.268508 -0.116090 -0.956257  0.000000 0.100000 0.100000
RCUBE(1.000000e+00) 2.056227e-01 -5.194144e+00 2.688587e+00 0.224005 -0.069286 -0.972122 -0.845233 -0.510387 -0.158389 -0.485184 0.857149 -0.172892  0.000000 0.100000 0.100000
RCUBE(1.000000e+00) -1.799326e+00 5.088147e+00 -4.245677e+00 -0.844615 -0.472694 -0.251368 0.221372 -0.735851 0.639935 -0.487463 0.484853 0.726152  0.000000 0.100000 0.100000
RCUBE(1.000000e+00) 4.390169e+00 7.788220e-01 6.604781e+00 -0.426244 0.889481 0.164742 0.536532 0.101958 0.837698 0.728320 0.445453 -0.520694  0.000000 0.100000 0.100000
RCUBE(1.000000e+00) -2.057811e+00 -7.442085e-01 7.690716e+00 0.543945 -0.837184 0.056985 -0.215662 -0.073847 0.973672 -0.810934 -0.541913 -0.220718  0.000000 0.100000 0.100000
RCUBE(1.000000e+00) -1.014988e+00 9.663096e-01 4.411680e+00 -0.235050 0.133829 0.962726 -0.866947 -0.476721 -0.145396 0.439493 -0.868808 0.228076  0.000000 0.100000 0.100000
RCUBE(1.000000e+00) 5.628270e+00 9.377353e-01 -3.827864e+00 -0.446138 -0.465634 -0.764295 0.724174 0.313969 -0.613999 0.525864 -0.827411 0.197126  0.000000 0.100000 0.100000
RCUBE(1.000000e+00) -2.064956e+00 -1.061622e+00 -7.611613e+00 -0.528824 0.841177 -0.112987 -0.829291 -0.483783 0.279697 0.180614 0.241609 0.953417  0.000000 0.100000 0.100000
RCUBE(1.000000e+00) 5.533956e+00 1.652195e+00 1.099046e+00 0.176075 -0.044647 -0.983364 -0.899716 -0.412605 -0.142365 -0.399385 0.909815 -0.112819  0.000000 0.100000 0.100000
RCUBE(1.000000e+00) 5.015543e+00 -5.796064e+00 2.202336e+00 0.722384 0.676357 0.143883 -0.631534 0.730058 -0.261114 -0.281649 0.097758 0.954525  0.000000 0.100000 0.100000
RCUBE(1.000000e+00) 4.098063e+00 4.344827e+00 5.321347e+00 0.576686 0.356256 -0.735197 -0.648690 0.746723 -0.146990 0.496622 0.561682 0.661725  0.000000 0.100000 0.100000
RCUBE(1.000000e+00) 6.445441e+00 3.815725e+00 -2.771065e+00 -0.804408 -0.485193 0.342805 -0.309928 -0.149548 -0.938925 0.506825 -0.861524 -0.030077  0.000000 0.100000 0.100000
RCUBE(1.000000e+00) 3.816041e+00 6.956323e+00 -8.721527e-01 -0.851397 0.521477 0.056435 -0.515016 -0.851505 0.098475 0.099407 0.054776 0.993538  0.000000 0.100000 0.100000
RCUBE(1.000000e+00) 5.198370e+00 7.125229e-01 -6.058007e+00 -0.651313 -0.459325 -0.603997 -0.400896 0.884115 -0.240048 0.644263 0.085793 -0.759977  0.000000 0.100000 0.100000
RCUBE(1.000000e+00) 1.690607e+00 -5.758259e-01 -1.502879e+00 -0.887630 -0.434992 -0.151311 0.201694 -0.071789 -0.976814 0.414044 -0.897568 0.151458  0.000000 0.100000 0.100000
RCUBE(1.000000e+00) -2.142500e+00 -6.235163e+00 4.531156e+00 -0.906225 0.055909 -0.419083 -0.302075 -0.779143 0.549261 -0.295817 0.624349 0.722967  1
RCUBE(1.000000e+00) -2.187445e+00 5.220311e+00 1.152302e+00 0.442826 -0.870900 0.213162 0.857541 0.480801 0.182906 -0.261781 0.101800 0.959743  0.000000 0.100000 0.100000
RCUBE(1.000000e+00) 2.531474e+00 -6.400670e+00 6.159417e-01 -0.511464 0.857159 -0.060681 -0.127559 -0.005901 0.991813 0.849784 0.515017 0.112357  0.000000 0.100000 0.100000
RCUBE(1.000000e+00) -2.647870e+00 2.523680e+00 -8.116274e-01 -0.828683 -0.535515 -0.162812 0.485007 -0.832212 0.268685 -0.279379 0.143690 0.949369  0.000000 0.100000 0.100000
RCUBE(1.000000e+00) 2.997375e+00 -2.644227e+00 5.539843e+00 -0.839640 -0.539465 -0.063109 0.429000 -0.587434 -0.686207 0.333112 -0.603240 0.724664  0.000000 0.100000 0.100000
RCUBE(1.000000e+00) 9.320620e-01 2.811997e+00 -4.187266e+00 -0.502785 0.842819 -0.191997 0.830111 0.532721 0.164693 0.241087 -0.076574 -0.967478  0.000000 0.100000 0.100000
RCUBE(1.000000e+00) -3.150934e+00 -1.253090e+00 1.597414e+00 -0.464107 0.858487 -0.218183 -0.247905 0.110585 0.962452 0.850381 0.500770 0.161499  0.000000 0.100000 0.100000
RCUBE(1.000000e+00) -1.158847e+00 4.112507e+00 -3.859393e+00 -0.469963 0.834772 -0.286863 0.837028 0.524631 0.155392 0.280214 -0.167084 -0.945285  0.000000 0.100000 0.100000
RCUBE(1.000000e+00) 1.845972e+00 -1.592743e+00 1.672648e+00 0.488552 -0.855563 0.171257 -0.208730 0.075977 0.975018 -0.847201 -0.512093 -0.141463  0.000000 0.100000 0.100000
RCUBE(1.000000e+00) -6.214099e+00 1.405439e+00 -2.724307e+00 -0.916742 0.238431 -0.320522 0.300233 -0.118058 -0.946532 -0.263523 -0.963957 0.036644  0.000000 0.100000 0.100000
RCUBE(1.000000e+00) -7.829464e+00 -1.466882e-01 -1.679058e+00 -0.974094 -0.014517 -0.225678 -0.039513 -0.971661 0.233052 -0.222666 0.235932 0.945915  0.000000 0.100000 0.100000
RCUBE(1.000000e+00) -6.881541e+00 -3.868630e+00 4.396487e-01 -0.865884 -0.497398 0.053290 -0.098884 0.274613 0.956457 -0.490374 0.822911 -0.286968  0.000000 0.100000 0.100000
RCUBE(1.000000e+00) -9.718493e-01 -2.406723e+00 2.236186e+00 0.844374 0.514043 0.150972 -0.491499 0.855381 -0.163563 -0.213217 0.063906 0.974913  0.000000 0.100000 0.100000
RCUBE(1.000000e+00) 4.031457e+00 -7.724955e-01 -8.919636e-02 -0.175810 0.090936 0.980215 0.854949 0.507715 0.106241 -0.488009 0.856712 -0.167007  0.000000 0.100000 0.100000
RCUBE(1.000000e+00) -4.746832e+00 -3.616979e-03 -1.058896e+00 -0.239621 0.097203 0.965988 0.876037 0.450538 0.171972 -0.418498 0.887450 -0.193112  0.000000 0.100000 0.100000
RCUBE(1.000000e+00) -2.216274e+00 -8.351408e-01 1.769324e+00 0.846945 0.511721 0.144309 -0.217773 0.086273 0.972179 0.485035 -0.854809 0.184508  0.000000 0.100000 0.100000
RCUBE(1.000000e+00) 3.248583e+00 1.161377e+00 -3.909683e-01 0.132990 -0.093269 -0.986719 0.470394 -0.870351 0.145669 -0.872378 -0.483519 -0.071875  0.000000 0.100000 0.100000
RCUBE(1.000000e+00) 2.450793e+00 -2.931591e+00 3.017185e+00 -0.234151 0.139675 0.962114 -0.454269 0.859230 -0.235295 -0.859542 -0.492153 -0.137740  0.000000 0.100000 0.100000
RCUBE(1.000000e+00) -1.297918e+00 2.571254e+00 -4.797342e+00 -0.804996 -0.580725 -0.121407 -0.198652 0.071012 0.977494 -0.559034 0.810996 -0.172527  0.000000 0.100000 0.100000
RCUBE(1.000000e+00) 1.255644e-02 -1.652993e+00 -5.254868e+00 0.168058 -0.133438 -0.976704 0.831290 0.551705 0.067663 0.529823 -0.823296 0.203644  0.000000 0.100000 0.100000
RCUBE(1.000000e+00) 9.067044e-01 6.306507e+00 -2.628067e+00 -0.183841 0.438100 0.879927 -0.980590 -0.019666 -0.195081 -0.068160 -0.898711 0.433212  0.000000 0.100000 0.100000
RCUBE(1.000000e+00) -2.683487e+00 -7.030462e-01 -2.620351e+00 0.431329 -0.875718 0.216962 0.864984 0.469756 0.176443 -0.256434 0.111564 0.960102  0.000000 0.100000 0.100000
RCUBE(1.000000e+00) -1.742211e+00 5.778862e+00 3.220384e+00 0.524591 -0.736858 -0.426432 0.846170 0.506467 0.165791 0.093809 -0.447807 0.889196  0.000000 0.100000 0.100000
RCUBE(1.000000e+00) -3.650418e+00 1.285551e+00 2.239033e+00 0.845428 0.509423 0.160437 0.474707 -0.854385 0.211378 0.244756 -0.102544 -0.964147  0.000000 0.100000 0.100000
RCUBE(1.000000e+00) 3.626858e+00 1.923101e-01 -2.362699e-01 -0.863192 -0.491486 -0.115506 0.468829 -0.865198 0.177852 -0.187347 0.099368 0.977255  0.000000 0.100000 0.100000
RCUBE(1.000000e+00) 4.013921e+00 -1.464734e+00 -4.180811e+00 -0.228321 0.091828 0.969246 0.487645 -0.850874 0.195486 0.842657 0.517282 0.149493  0.000000 0.100000 0.100000
RCUBE(1.000000e+00) -6.076830e+00 2.671693e+00 -1.757213e+00 0.745085 -0.614349 0.259661 -0.258480 0.092918 0.961538 -0.614847 -0.783544 -0.089565  0.000000 0.100000 0.100000
RCUBE(1.000000e+00) 1.885914e+00 -3.183239e+00 -2.631458e-01 -0.828545 -0.550075 -0.104549 -0.172790 0.073583 0.982206 -0.532595 0.831867 -0.156014  0.000000 0.100000 0.100000
RCUBE(1.000000e+00) 4.659155e-01 2.728826e+00 4.093650e+00 -0.882878 -0.465452 -0.062293 0.446078 -0.872698 0.198527 -0.146768 0.147488 0.978114  0.000000 0.100000 0.100000
