8130 Disks 
-1.087500e+01 1.087500e+01
-1.087500e+01 1.087500e+01
-1.062500e+01 1.062500e+01
rcylinder(0.9,0.5) 1.350565e+00 -7.552545e-01 8.692655e+00 -6.023857e-01 7.944609e-01 -7.722212e-02 -4.812143e-01 -4.386438e-01 -7.589627e-01 -6.368392e-01 -4.200279e-01 6.465387e-01 5.219749e-01 3.268447e-01 3.181151e-01 
rcylinder(0.9,0.5) -3.566366e-01 -4.011554e+00 8.838322e+00 3.138884e-01 9.379914e-01 1.471264e-01 -7.126215e-01 3.351422e-01 -6.163199e-01 -6.274111e-01 8.861019e-02 7.736301e-01 8.202508e-01 3.353300e-01 2.037329e-01 
rcylinder(0.9,0.5) -7.656221e-01 -4.323256e+00 8.515283e+00 -6.825511e-01 6.000680e-01 -4.171837e-01 3.614940e-01 7.733111e-01 5.208762e-01 6.351740e-01 2.047152e-01 -7.447454e-01 7.157563e-01 3.283434e-01 2.297292e-01 
rcylinder(0.9,0.5) -2.235575e+00 -3.904887e+00 8.544747e+00 6.964162e-01 4.197453e-01 5.820810e-01 -4.785627e-01 8.760574e-01 -5.917069e-02 -5.347729e-01 -2.373549e-01 8.109751e-01 6.863806e-01 4.187043e-01 1.701224e-01 
rcylinder(0.9,0.5) -1.661903e+00 -4.757356e+00 8.478703e+00 8.897376e-01 -4.219331e-01 1.741821e-01 3.325731e-01 8.605616e-01 3.857835e-01 -3.126692e-01 -2.853177e-01 9.059976e-01 6.432140e-01 6.185977e-01 8.460214e-02 
rcylinder(0.9,0.5) -7.753768e-01 1.596338e+00 8.566679e+00 -8.515696e-01 2.986936e-01 -4.308264e-01 3.682131e-02 -7.857006e-01 -6.175101e-01 -5.229469e-01 -5.417164e-01 6.580804e-01 4.124553e-01 4.293478e-01 3.077276e-01 
rcylinder(0.9,0.5) 1.044923e+00 -2.127963e+00 8.762397e+00 -7.354194e-01 7.907119e-02 -6.729829e-01 5.888287e-02 -9.819541e-01 -1.797191e-01 -6.750489e-01 -1.717961e-01 7.174922e-01 7.453835e-01 2.924560e-01 2.542570e-01 
rcylinder(0.9,0.5) 1.530589e+00 -1.874611e+00 8.450254e+00 -1.426012e-01 9.746289e-01 1.725207e-01 -6.523064e-01 3.855219e-02 -7.569743e-01 -7.444201e-01 -2.204818e-01 6.302591e-01 7.015664e-01 2.300219e-01 3.327668e-01 
rcylinder(0.9,0.5) 1.098184e+00 -3.289212e+00 8.485805e+00 -2.766188e-01 9.607831e-01 1.943969e-02 5.886952e-01 1.534329e-01 7.936601e-01 7.595524e-01 2.309854e-01 -6.080508e-01 6.921132e-01 2.164028e-01 3.527542e-01 
rcylinder(0.9,0.5) 1.062118e+00 -4.529068e+00 8.527827e+00 -5.710104e-01 -6.384941e-01 -5.160158e-01 5.828879e-01 -7.579484e-01 2.928410e-01 -5.780906e-01 -1.335641e-01 8.049670e-01 7.797923e-01 3.797184e-01 1.755297e-01 
rcylinder(0.9,0.5) 3.274276e+00 3.506188e-01 8.546116e+00 -6.553096e-01 -5.336112e-02 -7.534732e-01 1.547832e-01 -9.858209e-01 -6.480181e-02 -7.393317e-01 -1.590903e-01 6.542774e-01 7.568187e-01 2.346014e-01 3.111504e-01 
rcylinder(0.9,0.5) 1.308517e+00 3.712937e-01 8.832915e+00 -3.972219e-01 8.678802e-01 -2.983266e-01 -6.660465e-01 -4.962637e-01 -5.568702e-01 -6.313452e-01 -2.250162e-02 7.751754e-01 8.797485e-01 3.317893e-01 2.023422e-01 
rcylinder(0.9,0.5) 7.274323e-01 1.833044e-01 8.293897e+00 -7.228684e-01 6.529057e-01 -2.262199e-01 -3.506758e-01 -6.287325e-01 -6.940619e-01 -5.953888e-01 -4.223856e-01 6.834491e-01 5.198530e-01 3.641501e-01 2.848958e-01 
rcylinder(0.9,0.5) -6.540361e-01 -1.917944e+00 8.604008e+00 -5.835664e-01 -4.872044e-01 -6.496784e-01 6.681915e-01 -7.427336e-01 -4.320762e-02 -4.614871e-01 -4.593241e-01 7.589802e-01 4.866083e-01 4.846616e-01 2.169178e-01 
rcylinder(0.9,0.5) -1.877105e+00 -2.734194e+00 9.010031e+00 4.782921e-01 -8.586602e-01 1.842259e-01 7.154940e-01 5.026447e-01 4.851974e-01 -5.092199e-01 -1.002535e-01 8.547773e-01 8.097718e-01 4.417021e-01 1.307004e-01 
rcylinder(0.9,0.5) -1.884112e+00 -2.618771e+00 8.389387e+00 2.730231e-01 8.731882e-01 4.037336e-01 -7.816117e-01 4.460131e-01 -4.360682e-01 -5.608401e-01 -1.965063e-01 8.042659e-01 7.231444e-01 3.952440e-01 1.761606e-01 
rcylinder(0.9,0.5) -8.206353e-01 -5.371403e+00 8.451094e+00 6.391157e-01 -1.424999e-01 7.557942e-01 -1.716079e-01 9.314910e-01 3.207417e-01 -7.497211e-01 -3.346914e-01 5.708764e-01 5.987778e-01 2.252510e-01 3.862112e-01 
rcylinder(0.9,0.5) 2.862120e-01 6.065851e+00 8.383551e+00 -6.257292e-01 7.539361e-01 -2.001081e-01 -3.603411e-01 -5.069061e-01 -7.830712e-01 -6.918216e-01 -4.178834e-01 5.888601e-01 5.239049e-01 2.773605e-01 3.700259e-01 
rcylinder(0.9,0.5) -2.610153e+00 5.142269e+00 8.418770e+00 -1.318690e-01 -9.895017e-01 5.913519e-02 -9.176534e-01 9.929875e-02 -3.847753e-01 3.748637e-01 -1.050056e-01 -9.211140e-01 8.054950e-01 5.626226e-01 7.099741e-02 
rcylinder(0.9,0.5) 8.354953e-01 5.007688e+00 8.458028e+00 -1.591896e-01 9.853725e-01 6.082556e-02 -9.869726e-01 -1.573876e-01 -3.338175e-02 -2.332025e-02 -6.534719e-02 9.975901e-01 8.411875e-01 8.790118e-01 2.168953e-03 
rcylinder(0.9,0.5) 1.133626e+00 3.841155e+00 8.309132e+00 -6.563402e-01 -2.104035e-01 -7.245329e-01 5.588516e-01 -7.807362e-01 -2.795279e-01 -5.068554e-01 -5.883718e-01 6.300129e-01 3.704654e-01 4.438302e-01 3.329884e-01 
rcylinder(0.9,0.5) 3.344177e-01 -1.355138e+00 8.749156e+00 -3.014837e-01 9.500797e-01 8.034950e-02 -6.594583e-01 -1.469126e-01 -7.372458e-01 -6.886380e-01 -2.752548e-01 6.708297e-01 6.522707e-01 2.802258e-01 2.962532e-01 
rcylinder(0.9,0.5) -1.758335e-01 -1.605273e+00 8.285239e+00 5.606327e-01 -8.250535e-01 -7.055250e-02 7.115843e-01 4.364457e-01 5.506024e-01 -4.234841e-01 -3.588897e-01 8.317808e-01 5.769992e-01 5.188643e-01 1.513972e-01 
rcylinder(0.9,0.5) 3.175467e+00 -3.753775e+00 8.364147e+00 -1.961850e-01 9.485842e-01 2.483938e-01 -6.767915e-01 5.231231e-02 -7.343137e-01 -7.095525e-01 -3.121722e-01 6.317308e-01 6.190450e-01 2.614028e-01 3.314423e-01 
rcylinder(0.9,0.5) 2.050187e+00 -3.748186e+00 8.903845e+00 2.097392e-01 -8.861080e-01 -4.133062e-01 -5.384366e-01 2.481662e-01 -8.052947e-01 8.161467e-01 3.914411e-01 -4.250628e-01 5.477031e-01 1.654679e-01 5.174434e-01 
rcylinder(0.9,0.5) 2.314636e+00 -4.625815e+00 8.743457e+00 5.588245e-01 5.975422e-01 -5.750292e-01 -5.240852e-01 7.918517e-01 3.135372e-01 6.426895e-01 1.261520e-01 7.556691e-01 7.864632e-01 3.215794e-01 2.198978e-01 
rcylinder(0.9,0.5) 1.614085e+00 -4.062053e+00 8.304331e+00 -8.658016e-01 4.993067e-01 -3.287062e-02 -3.209700e-01 -6.045583e-01 -7.290319e-01 -3.838827e-01 -6.206464e-01 6.836901e-01 3.414182e-01 5.545055e-01 2.846790e-01 
rcylinder(0.9,0.5) -1.189906e-01 3.169029e+00 8.526533e+00 5.115703e-01 4.652687e-01 7.223717e-01 5.652971e-01 -8.153852e-01 1.248444e-01 6.470974e-01 3.444879e-01 -6.801419e-01 5.899609e-01 3.176123e-01 2.878723e-01 
rcylinder(0.9,0.5) 4.832920e-01 3.439440e+00 8.423020e+00 -7.963171e-01 -6.947975e-02 -6.008757e-01 3.237683e-01 -8.880557e-01 -3.263909e-01 -5.109336e-01 -4.544552e-01 7.296693e-01 4.909903e-01 4.401598e-01 2.432976e-01 
rcylinder(0.9,0.5) 1.834741e+00 2.974383e+00 8.301303e+00 -5.315952e-01 -2.908359e-01 -7.955004e-01 5.559026e-01 -8.284106e-01 -6.861550e-02 -6.390452e-01 -4.786964e-01 6.020556e-01 4.691732e-01 3.248593e-01 3.581500e-01 
rcylinder(0.9,0.5) -2.938845e+00 2.681264e+00 8.249838e+00 5.259776e-01 6.588266e-01 5.378616e-01 -6.395564e-01 7.232622e-01 -2.604984e-01 -5.606382e-01 -2.069765e-01 8.017765e-01 7.137211e-01 3.954256e-01 1.784012e-01 
rcylinder(0.9,0.5) 4.872337e-01 2.295736e+00 8.176672e+00 7.775774e-01 5.018394e-02 6.267814e-01 2.195851e-01 -9.557239e-01 -1.958935e-01 5.891992e-01 2.899542e-01 -7.541690e-01 6.390412e-01 3.697207e-01 2.212479e-01 
rcylinder(0.9,0.5) 1.325857e+00 1.486816e+00 8.626731e+00 -9.288575e-01 2.616786e-01 -2.621985e-01 -1.685369e-02 -7.369279e-01 -6.757612e-01 -3.700537e-01 -6.232669e-01 6.889112e-01 3.390598e-01 5.669517e-01 2.799799e-01 
rcylinder(0.9,0.5) 6.681063e-01 -1.155556e+00 8.240834e+00 -2.150024e-01 9.145180e-01 3.426818e-01 7.566444e-01 -6.586462e-02 6.505007e-01 6.174652e-01 3.991475e-01 -6.778038e-01 5.407673e-01 3.442813e-01 2.899765e-01 
rcylinder(0.9,0.5) -3.472735e+00 -4.508403e+00 8.331456e+00 6.234388e-01 2.926490e-01 7.250384e-01 4.668271e-01 -8.832070e-01 -4.491975e-02 6.272132e-01 3.664723e-01 -6.872420e-01 5.701749e-01 3.355081e-01 2.814822e-01 
rcylinder(0.9,0.5) 3.240954e-01 -5.011390e+00 8.862792e+00 5.009054e-01 -8.398526e-01 -2.091444e-01 8.540347e-01 4.404154e-01 2.768736e-01 -1.404226e-01 -3.173041e-01 9.378697e-01 6.144263e-01 7.736196e-01 5.591725e-02 
rcylinder(0.9,0.5) -3.122124e-01 -5.032975e+00 8.241197e+00 7.014050e-01 -5.664579e-01 4.326158e-01 5.839125e-03 6.115023e-01 7.912211e-01 -7.127391e-01 -5.524404e-01 4.322184e-01 4.028037e-01 2.585349e-01 5.110035e-01 
rcylinder(0.9,0.5) 7.179863e-01 6.323559e+00 8.206661e+00 7.520756e-02 -8.174106e-01 -5.711251e-01 8.897056e-01 -2.036329e-01 4.086046e-01 -4.502976e-01 -5.388632e-01 7.119399e-01 4.150231e-01 4.947322e-01 2.592540e-01 
rcylinder(0.9,0.5) -1.238234e+00 6.138136e+00 8.263658e+00 6.117953e-01 3.850142e-01 6.909924e-01 6.897073e-01 -6.873669e-01 -2.276634e-01 3.873117e-01 6.158659e-01 -6.860749e-01 3.457207e-01 5.514195e-01 2.825326e-01 
rcylinder(0.9,0.5) -9.294341e-01 3.647831e+00 8.184137e+00 4.160681e-01 7.517177e-01 5.116716e-01 -6.791164e-01 6.310694e-01 -3.749032e-01 -6.047216e-01 -1.914993e-01 7.730717e-01 7.276506e-01 3.557506e-01 2.042355e-01 
rcylinder(0.9,0.5) 2.693319e+00 2.464437e+00 8.596547e+00 8.485899e-01 -1.775188e-01 -4.983796e-01 -6.757319e-02 -9.706779e-01 2.306909e-01 -5.247181e-01 -1.620849e-01 -8.357030e-01 7.541236e-01 4.277537e-01 1.478673e-01 
rcylinder(0.9,0.5) 3.109758e+00 2.509482e+00 8.125516e+00 5.624616e-01 -8.197191e-01 -1.081556e-01 3.166320e-01 9.270706e-02 9.440072e-01 -7.637939e-01 -5.652133e-01 3.116934e-01 3.913080e-01 2.125855e-01 6.194759e-01 
rcylinder(0.9,0.5) -1.530208e+00 2.270373e+00 8.236400e+00 -8.201857e-01 5.693560e-01 -5.593900e-02 3.454420e-01 5.708104e-01 7.448794e-01 4.560321e-01 5.916157e-01 -6.648501e-01 3.675459e-01 4.895711e-01 3.016350e-01 
rcylinder(0.9,0.5) -1.954741e+00 7.143322e-01 8.317661e+00 7.579602e-01 -5.227307e-01 3.901907e-01 -3.380978e-01 -8.263802e-01 -4.503173e-01 5.578406e-01 2.094000e-01 -8.030974e-01 7.115400e-01 3.979435e-01 1.772123e-01 
rcylinder(0.9,0.5) 2.103915e+00 8.673520e-01 8.158880e+00 -4.220451e-01 8.554832e-01 -3.000441e-01 2.441975e-02 -3.201167e-01 -9.470633e-01 -9.062459e-01 -4.070305e-01 1.142130e-01 5.336726e-01 8.437870e-02 7.972083e-01 
rcylinder(0.9,0.5) -3.435642e-01 6.796109e-01 8.856097e+00 7.447469e-01 1.956131e-02 6.670602e-01 2.026957e-01 -9.589781e-01 -1.981802e-01 6.358196e-01 2.828044e-01 -7.181609e-01 6.454760e-01 3.277624e-01 2.536551e-01 
rcylinder(0.9,0.5) -6.324028e-02 7.414319e-01 8.223152e+00 -4.121531e-02 -7.803313e-01 -6.240067e-01 4.940276e-01 -5.587682e-01 6.661192e-01 -8.684688e-01 -2.808222e-01 4.085349e-01 6.472600e-01 1.183781e-01 5.323185e-01 
rcylinder(0.9,0.5) 2.438129e+00 -1.412943e-01 8.323922e+00 -4.599272e-01 8.483526e-01 -2.622304e-01 4.758995e-01 4.848265e-01 7.338003e-01 7.496576e-01 2.126994e-01 -6.267155e-01 7.085705e-01 2.253081e-01 3.359560e-01 
rcylinder(0.9,0.5) 2.552052e-01 -2.660054e+00 8.220759e+00 3.624321e-01 6.025314e-01 7.110547e-01 6.313779e-01 -7.199222e-01 2.882256e-01 6.855691e-01 3.444821e-01 -6.413479e-01 5.899661e-01 2.829878e-01 3.227869e-01 
rcylinder(0.9,0.5) -1.563210e-01 -3.988473e+00 8.251115e+00 7.614952e-01 -7.736712e-02 6.435366e-01 8.441506e-02 -9.725571e-01 -2.168107e-01 6.426501e-01 2.194245e-01 -7.340666e-01 7.025180e-01 3.216150e-01 2.393400e-01 
rcylinder(0.9,0.5) 2.281556e+00 5.764252e+00 8.137853e+00 -9.892981e-02 7.639236e-01 6.376783e-01 -5.394665e-01 4.973078e-01 -6.794562e-01 -8.361751e-01 -4.112246e-01 3.629126e-01 5.298978e-01 1.474424e-01 5.733787e-01 
rcylinder(0.9,0.5) 3.413011e+00 5.150736e+00 8.232291e+00 8.759436e-01 -2.870341e-01 -3.877295e-01 -3.962944e-01 -8.864556e-01 -2.390549e-01 -2.750881e-01 3.630537e-01 -8.902351e-01 5.732517e-01 6.524207e-01 9.878839e-02 
rcylinder(0.9,0.5) -2.124747e-01 4.343214e+00 8.419199e+00 -6.258797e-01 6.154145e-01 -4.791029e-01 -4.943610e-01 -7.881689e-01 -3.666020e-01 -6.032262e-01 7.401062e-03 7.975358e-01 8.933391e-01 3.570964e-01 1.822178e-01 
rcylinder(0.9,0.5) 2.612614e-01 4.720177e+00 8.072791e+00 -7.369569e-01 5.993984e-01 -3.124357e-01 -3.321061e-01 -7.236702e-01 -6.049850e-01 -5.887275e-01 -3.420861e-01 7.323777e-01 5.921225e-01 3.701453e-01 2.408601e-01 
rcylinder(0.9,0.5) 3.767469e+00 3.023688e+00 8.323155e+00 9.165104e-01 -1.279920e-01 -3.789811e-01 2.891421e-01 8.666677e-01 4.065511e-01 2.764154e-01 -4.821877e-01 8.313179e-01 4.660310e-01 6.512262e-01 1.518139e-01 
rcylinder(0.9,0.5) -2.772788e+00 1.406732e+00 8.103312e+00 -8.010357e-01 -4.813156e-02 -5.966783e-01 2.814322e-01 -9.100157e-01 -3.044132e-01 -5.283347e-01 -4.117704e-01 7.425009e-01 5.294067e-01 4.244987e-01 2.317492e-01 
rcylinder(0.9,0.5) 4.076942e-02 2.075526e+00 8.626190e+00 1.608541e-01 7.082621e-01 6.873796e-01 7.881439e-01 -5.113951e-01 3.424972e-01 5.941003e-01 4.866620e-01 -6.404724e-01 4.620042e-01 3.653097e-01 3.235748e-01 
rcylinder(0.9,0.5) -1.341727e+00 1.089413e+00 8.130604e+00 -7.006705e-01 6.663095e-01 -2.551323e-01 -3.597926e-01 -6.387595e-01 -6.800997e-01 -6.161251e-01 -3.847311e-01 6.872932e-01 5.537420e-01 3.454875e-01 2.814361e-01 
rcylinder(0.9,0.5) 4.512594e+00 9.074421e-01 8.479744e+00 8.937134e-01 -4.221381e-01 -1.519071e-01 3.983266e-01 9.024143e-01 -1.642691e-01 2.064274e-01 8.630081e-02 9.746486e-01 8.223293e-01 7.142154e-01 2.281625e-02 
rcylinder(0.9,0.5) 3.630503e+00 4.722102e-01 8.133382e+00 -3.316728e-01 -5.455329e-01 -7.696668e-01 -4.825126e-01 7.991585e-01 -3.585070e-01 8.106631e-01 2.524669e-01 -5.282857e-01 6.727798e-01 1.704032e-01 4.245429e-01 
rcylinder(0.9,0.5) -3.447791e-01 -3.918838e-01 8.794355e+00 -2.739712e-01 8.350262e-01 4.771487e-01 7.781274e-01 -9.911187e-02 6.202376e-01 5.652057e-01 5.412097e-01 -6.226029e-01 4.129112e-01 3.913148e-01 3.396573e-01 
rcylinder(0.9,0.5) 2.106422e-01 -2.644032e-01 8.447181e+00 2.408926e-01 7.678819e-01 5.935723e-01 7.756464e-01 -5.199319e-01 3.578316e-01 5.833896e-01 3.742033e-01 -7.208526e-01 5.632170e-01 3.749494e-01 2.512327e-01 
rcylinder(0.9,0.5) 3.892420e+00 -4.534350e-01 8.198154e+00 -6.292185e-01 2.412449e-01 -7.388403e-01 1.516937e-02 -9.466160e-01 -3.220062e-01 -7.770804e-01 -2.138200e-01 5.919687e-01 7.075620e-01 2.006276e-01 3.672281e-01 
rcylinder(0.9,0.5) -1.377944e+00 -4.134299e-02 8.708345e+00 1.571997e-01 7.364542e-01 6.579691e-01 8.852551e-01 -4.003967e-01 2.366555e-01 4.377346e-01 5.452684e-01 -7.148921e-01 4.092584e-01 5.060388e-01 2.565971e-01 
rcylinder(0.9,0.5) -2.152322e+00 -3.454589e-01 8.168780e+00 7.179275e-02 8.624856e-01 5.009634e-01 -9.871506e-01 1.333278e-01 -8.807644e-02 -1.427570e-01 -4.882030e-01 8.609752e-01 4.606173e-01 7.715187e-01 1.251223e-01 
rcylinder(0.9,0.5) -1.045972e+00 -1.042900e+00 8.168215e+00 -5.165281e-02 9.412959e-01 3.336075e-01 -8.648543e-01 1.248732e-01 -4.862444e-01 -4.993586e-01 -3.136377e-01 8.076338e-01 6.177260e-01 4.505773e-01 1.731296e-01 
rcylinder(0.9,0.5) 2.612808e+00 -1.183460e+00 8.136850e+00 2.705416e-01 4.162482e-01 8.680695e-01 -5.564904e-01 8.034034e-01 -2.118050e-01 -7.855734e-01 -4.257703e-01 4.489922e-01 5.168067e-01 1.929839e-01 4.959070e-01 
rcylinder(0.9,0.5) -3.565643e+00 -1.354873e+00 8.270527e+00 -6.112786e-01 -3.317350e-01 -7.185335e-01 6.033902e-01 -7.828461e-01 -1.518956e-01 -5.121120e-01 -5.264066e-01 6.787027e-01 4.262340e-01 4.390992e-01 2.891676e-01 
rcylinder(0.9,0.5) 2.030892e+00 -1.493117e+00 8.277346e+00 3.865102e-01 5.194611e-01 7.620827e-01 5.381463e-01 -7.980758e-01 2.710601e-01 7.490049e-01 3.053445e-01 -5.880105e-01 6.251900e-01 2.258956e-01 3.707905e-01 
rcylinder(0.9,0.5) -1.927113e+00 -1.342558e+00 8.673708e+00 4.283323e-01 8.175452e-01 -3.849042e-01 -1.456149e-01 4.828394e-01 8.635174e-01 8.918115e-01 -3.138247e-01 3.258625e-01 6.175578e-01 9.736965e-02 6.067238e-01 
rcylinder(0.9,0.5) -2.706777e+00 -1.958206e+00 8.183066e+00 -1.112162e-02 -7.979374e-01 -6.026377e-01 -7.120330e-01 4.294586e-01 -5.554947e-01 7.020579e-01 4.229199e-01 -5.729340e-01 5.193720e-01 2.681479e-01 3.843594e-01 
rcylinder(0.9,0.5) -4.578786e+00 -2.031802e+00 8.113583e+00 6.875924e-01 2.958969e-01 6.630700e-01 4.571787e-01 -8.858806e-01 -7.875981e-02 5.640961e-01 3.572961e-01 -7.444025e-01 5.784335e-01 3.923135e-01 2.300377e-01 
rcylinder(0.9,0.5) -3.311945e+00 -2.341848e+00 8.529480e+00 7.328526e-01 2.804220e-01 6.199118e-01 4.197060e-01 -9.034330e-01 -8.749650e-02 5.355128e-01 3.243027e-01 -7.797780e-01 6.081275e-01 4.180384e-01 1.981998e-01 
rcylinder(0.9,0.5) 3.686486e+00 -3.306154e+00 8.150017e+00 2.974529e-01 -8.252162e-01 -4.801459e-01 -7.583266e-01 1.013354e-01 -6.439502e-01 5.800539e-01 5.556522e-01 -5.956409e-01 3.999130e-01 3.779515e-01 3.639232e-01 
rcylinder(0.9,0.5) -1.040526e+00 -3.402324e+00 8.752474e+00 -6.647277e-01 2.973604e-01 -6.853567e-01 -6.094156e-02 -9.358988e-01 -3.469576e-01 -7.445960e-01 -1.888656e-01 6.402394e-01 7.300210e-01 2.298636e-01 3.237845e-01 
rcylinder(0.9,0.5) -4.058478e+00 -2.830365e+00 8.848774e+00 -7.770349e-01 -2.139232e-01 -5.919912e-01 2.644192e-01 -9.644068e-01 1.429250e-03 -5.712261e-01 -1.554232e-01 8.059431e-01 7.601191e-01 3.858965e-01 1.746512e-01 
rcylinder(0.9,0.5) 6.257423e-01 -3.541809e+00 8.762169e+00 -4.572479e-01 8.564232e-01 -2.397155e-01 5.220156e-01 4.766819e-01 7.073006e-01 7.200167e-01 1.982765e-01 -6.650281e-01 7.215511e-01 2.519849e-01 3.014747e-01 
rcylinder(0.9,0.5) -2.872145e-01 -2.917618e+00 8.587059e+00 7.704478e-01 1.404944e-02 6.373482e-01 1.472444e-01 -9.766461e-01 -1.564652e-01 6.202655e-01 2.143943e-01 -7.545236e-01 7.070451e-01 3.417611e-01 2.209288e-01 
rcylinder(0.9,0.5) -1.752406e+00 -3.714853e+00 8.165529e+00 2.385027e-01 8.804777e-01 4.097261e-01 -8.160584e-01 4.104219e-01 -4.069430e-01 -5.264648e-01 -2.373034e-01 8.164079e-01 6.864269e-01 4.261817e-01 1.652329e-01 
rcylinder(0.9,0.5) 2.762548e+00 -4.745317e+00 8.200658e+00 2.251591e-01 -7.485761e-01 -6.236482e-01 7.432241e-01 5.458512e-01 -3.868647e-01 6.300169e-01 -3.764043e-01 6.792632e-01 5.612361e-01 3.329848e-01 2.886631e-01 
rcylinder(0.9,0.5) 1.722638e+00 -4.884119e+00 8.138870e+00 3.709597e-01 -9.213141e-01 1.164869e-01 -4.321547e-01 -2.822928e-01 -8.564771e-01 8.219678e-01 2.673782e-01 -5.028696e-01 6.593596e-01 1.602290e-01 4.474174e-01 
rcylinder(0.9,0.5) -3.582349e+00 -5.406988e+00 8.295955e+00 -8.540360e-01 2.432980e-01 -4.598137e-01 6.627644e-02 -8.258033e-01 -5.600502e-01 -5.159748e-01 -5.087779e-01 6.891408e-01 4.420999e-01 4.356227e-01 2.797733e-01 
rcylinder(0.9,0.5) 1.227840e+00 -5.173716e+00 8.291524e+00 -3.585857e-01 5.417282e-01 -7.602282e-01 -1.327642e-01 7.765133e-01 6.159552e-01 9.240076e-01 3.218037e-01 -2.065244e-01 6.103766e-01 6.839318e-02 7.141280e-01 
rcylinder(0.9,0.5) -1.343741e+00 -6.000023e+00 8.577162e+00 -7.690379e-01 5.226801e-01 3.679486e-01 6.085687e-01 4.226401e-01 6.715799e-01 1.955116e-01 7.403924e-01 -6.431129e-01 2.336468e-01 7.240396e-01 3.211983e-01 
rcylinder(0.9,0.5) -1.888835e+00 -5.781330e+00 8.552369e+00 6.463234e-01 7.288872e-01 2.258086e-01 5.256821e-01 -2.108169e-01 -8.241447e-01 -5.531043e-01 6.513676e-01 -5.194189e-01 3.137692e-01 4.022062e-01 4.325230e-01 
rcylinder(0.9,0.5) -2.217800e+00 -6.108962e+00 8.086151e+00 -1.874004e-01 -7.701184e-01 -6.097531e-01 9.810783e-01 -1.774850e-01 -7.735919e-02 -4.864631e-02 -6.127126e-01 7.888072e-01 3.485586e-01 8.562183e-01 1.900735e-01 
rcylinder(0.9,0.5) 1.287153e+00 5.179514e+00 7.843815e+00 6.017017e-01 -1.043406e-02 7.986527e-01 -3.376344e-01 9.028609e-01 2.661678e-01 -7.238495e-01 -4.298062e-01 5.397300e-01 5.131744e-01 2.485354e-01 4.142430e-01 
rcylinder(0.9,0.5) -3.510635e-01 2.840784e+00 7.819063e+00 2.750821e-01 6.530305e-01 7.056068e-01 6.940256e-01 -6.427695e-01 3.243082e-01 6.653257e-01 4.004978e-01 -6.300343e-01 5.395520e-01 3.012069e-01 3.329691e-01 
rcylinder(0.9,0.5) 4.819410e+00 -1.698463e+00 8.048479e+00 -5.244434e-01 6.942966e-01 -4.928604e-01 -4.259654e-01 -7.151509e-01 -5.541774e-01 -7.372331e-01 -8.069331e-02 6.708025e-01 8.273760e-01 2.364902e-01 2.962777e-01 
rcylinder(0.9,0.5) 5.322337e+00 -1.464482e+00 7.713315e+00 2.795969e-01 9.361811e-01 -2.130505e-01 6.422305e-01 -1.741350e-02 7.663137e-01 7.136985e-01 -3.510865e-01 -6.061128e-01 5.840221e-01 2.576714e-01 3.544985e-01 
rcylinder(0.9,0.5) 3.562988e+00 2.712540e+00 7.856406e+00 -7.745823e-01 6.137639e-01 -1.526960e-01 3.252809e-01 5.936338e-01 7.360647e-01 5.424154e-01 5.204736e-01 -6.594639e-01 4.315737e-01 4.118261e-01 3.064824e-01 
rcylinder(0.9,0.5) 4.148136e+00 3.082331e+00 7.692044e+00 -7.986001e-01 5.896250e-02 -5.989669e-01 1.931679e-01 -9.174302e-01 -3.478621e-01 -5.700211e-01 -3.935039e-01 7.212702e-01 5.458465e-01 3.869810e-01 2.508569e-01 
rcylinder(0.9,0.5) 6.605410e+00 2.361521e+00 7.647770e+00 -1.412786e-01 -9.510444e-01 -2.748726e-01 8.255200e-01 -2.664279e-01 4.975268e-01 -5.464038e-01 -1.566229e-01 8.227467e-01 7.590393e-01 4.082366e-01 1.595280e-01 
rcylinder(0.9,0.5) -7.340816e-01 3.582100e-01 7.674905e+00 -3.142314e-01 9.463470e-01 7.540481e-02 -5.886006e-01 -1.318908e-01 -7.975927e-01 -7.448543e-01 -2.950121e-01 5.984646e-01 6.344892e-01 2.296311e-01 3.613818e-01 
rcylinder(0.9,0.5) 3.586792e+00 -5.579238e-01 7.696345e+00 -3.290555e-01 8.664302e-01 -3.755279e-01 1.127585e-01 4.308803e-01 8.953366e-01 9.375542e-01 2.522715e-01 -2.394809e-01 6.729557e-01 5.620116e-02 6.844672e-01 
rcylinder(0.9,0.5) 4.192847e+00 -3.405174e-01 7.664388e+00 4.520964e-01 -8.115278e-01 3.701776e-01 3.761954e-01 5.497741e-01 7.458052e-01 -8.087557e-01 -1.979167e-01 5.538439e-01 7.218750e-01 1.721198e-01 4.015404e-01 
rcylinder(0.9,0.5) 2.192310e+00 -5.308206e+00 7.622957e+00 1.219317e-01 -7.114339e-01 -6.920943e-01 -6.967391e-01 4.352632e-01 -5.701759e-01 7.068856e-01 5.517317e-01 -4.426114e-01 4.034415e-01 2.638029e-01 5.016498e-01 
rcylinder(0.9,0.5) 5.619750e+00 6.443835e-01 7.926270e+00 -1.885724e-01 9.708284e-01 1.480967e-01 -7.562234e-01 -4.733594e-02 -6.525991e-01 -6.265514e-01 -2.350564e-01 7.430894e-01 6.884493e-01 3.361037e-01 2.312195e-01 
rcylinder(0.9,0.5) 6.087416e+00 8.550036e-01 7.628326e+00 -2.248591e-01 9.695412e-01 9.709912e-02 -6.688394e-01 -8.111206e-02 -7.389686e-01 -7.085846e-01 -2.311076e-01 6.667062e-01 6.920032e-01 2.622738e-01 2.999644e-01 
rcylinder(0.9,0.5) 1.238379e+00 4.227298e-01 7.518891e+00 -4.794466e-01 -4.691014e-01 -7.416703e-01 7.328432e-01 -6.789533e-01 -4.430706e-02 -4.827750e-01 -5.647709e-01 6.692997e-01 3.917062e-01 4.655025e-01 2.976303e-01 
rcylinder(0.9,0.5) -5.269797e+00 -3.410742e+00 7.624696e+00 -6.718156e-01 1.057815e-01 -7.331262e-01 1.601376e-01 -9.456016e-01 -2.831847e-01 -7.232011e-01 -3.076489e-01 6.183303e-01 6.231159e-01 2.491191e-01 3.435027e-01 
rcylinder(0.9,0.5) -4.486947e+00 -3.139787e+00 7.529003e+00 3.744057e-01 -8.943926e-01 -2.447086e-01 -5.659828e-01 -1.138706e-02 -8.243384e-01 7.344956e-01 4.471378e-01 -5.104742e-01 4.975759e-01 2.389540e-01 4.405732e-01 
rcylinder(0.9,0.5) 2.750387e+00 5.918697e+00 8.014757e+00 4.663350e-02 -9.563244e-01 -2.885637e-01 4.982734e-01 -2.281030e-01 8.364763e-01 -8.657649e-01 -1.827914e-01 4.658737e-01 7.354877e-01 1.208116e-01 4.807136e-01 
rcylinder(0.9,0.5) 4.749184e+00 4.585421e+00 7.789254e+00 -3.514138e-01 -7.628817e-01 -5.426967e-01 -4.970662e-01 6.432518e-01 -5.823679e-01 7.933685e-01 6.510406e-02 -6.052502e-01 8.414063e-01 1.859683e-01 3.552748e-01 
rcylinder(0.9,0.5) 5.193620e+00 4.847325e+00 7.527325e+00 2.827982e-01 5.364384e-01 7.951471e-01 -6.038297e-01 7.436708e-01 -2.869553e-01 -7.452616e-01 -3.989831e-01 5.342262e-01 5.409153e-01 2.292646e-01 4.191964e-01 
rcylinder(0.9,0.5) 1.630716e+00 -5.593672e-01 7.822356e+00 5.209812e-02 -7.972145e-01 -6.014440e-01 -7.250567e-01 3.839491e-01 -5.717306e-01 6.867158e-01 4.658671e-01 -5.580226e-01 4.807196e-01 2.819558e-01 3.977796e-01 
rcylinder(0.9,0.5) 2.139910e+00 -3.268619e-01 7.578916e+00 2.088452e-01 -9.650921e-01 -1.580532e-01 5.620982e-01 -1.379294e-02 8.269554e-01 -8.002682e-01 -2.615471e-01 5.395961e-01 6.646076e-01 1.797586e-01 4.143636e-01 
rcylinder(0.9,0.5) 7.576833e-01 -2.324494e+00 7.991556e+00 -2.095372e-01 9.777952e-01 3.262750e-03 6.208957e-01 1.304760e-01 7.729583e-01 7.553692e-01 1.639894e-01 -6.344484e-01 7.524096e-01 2.201677e-01 3.289964e-01 
rcylinder(0.9,0.5) 1.220208e+00 -1.964495e+00 7.730775e+00 1.194074e-01 9.497621e-01 2.892989e-01 7.157878e-01 -2.842771e-01 6.378357e-01 6.880332e-01 1.309144e-01 -7.137729e-01 7.821771e-01 2.807701e-01 2.576044e-01 
rcylinder(0.9,0.5) -1.413389e+00 -5.484227e+00 7.780515e+00 2.057377e-01 -7.392930e-01 -6.411847e-01 -7.266491e-01 3.234507e-01 -6.061030e-01 6.554793e-01 5.906145e-01 -4.706606e-01 3.684469e-01 3.100686e-01 4.764055e-01 
rcylinder(0.9,0.5) -8.659865e-01 -5.134407e+00 7.496389e+00 3.225145e-01 -9.413959e-01 -9.878281e-02 -3.985188e-01 -4.038287e-02 -9.162707e-01 8.585844e-01 3.348774e-01 -3.881881e-01 5.986103e-01 1.272740e-01 5.506307e-01 
rcylinder(0.9,0.5) -1.442732e+00 -6.609620e+00 7.668283e+00 6.702386e-01 5.144825e-02 7.403603e-01 -5.715681e-02 -9.910528e-01 1.206124e-01 7.399415e-01 -1.231557e-01 -6.613012e-01 7.891598e-01 2.340527e-01 3.048289e-01 
rcylinder(0.9,0.5) 2.815646e+00 4.701288e+00 7.730498e+00 -2.754344e-02 -7.308922e-01 -6.819369e-01 4.379254e-01 -6.220691e-01 6.490388e-01 -8.985892e-01 -2.807607e-01 3.372102e-01 6.473154e-01 9.126964e-02 5.965108e-01 
rcylinder(0.9,0.5) 3.271276e+00 4.801266e+00 7.437625e+00 -2.665650e-02 7.677217e-01 6.402286e-01 -5.078177e-01 5.412624e-01 -6.701911e-01 -8.610520e-01 -3.429844e-01 3.754346e-01 5.913140e-01 1.250532e-01 5.621089e-01 
rcylinder(0.9,0.5) 4.022462e+00 1.878544e+00 8.085659e+00 5.708082e-01 7.209731e-02 8.179119e-01 -2.760191e-01 9.550146e-01 1.084468e-01 -7.732991e-01 -2.876616e-01 5.650304e-01 6.411046e-01 2.040309e-01 3.914726e-01 
rcylinder(0.9,0.5) 3.635241e+00 1.667663e+00 7.432231e+00 3.891549e-01 -9.081026e-01 1.546223e-01 -2.678125e-01 -2.721372e-01 -9.242391e-01 8.813824e-01 3.182624e-01 -3.491047e-01 6.135638e-01 1.067558e-01 5.858057e-01 
rcylinder(0.9,0.5) 5.199076e+00 1.454698e+00 7.497479e+00 2.804667e-01 5.870199e-01 7.594380e-01 6.529412e-01 -6.966119e-01 2.973209e-01 7.035667e-01 4.124797e-01 -5.786659e-01 5.287682e-01 2.667899e-01 3.792007e-01 
rcylinder(0.9,0.5) 2.555214e+00 -2.135157e+00 7.752782e+00 -1.167191e-01 9.200459e-01 3.740217e-01 5.943352e-01 -2.370151e-01 7.684982e-01 7.957024e-01 3.119927e-01 -5.191514e-01 6.192065e-01 1.838679e-01 4.327637e-01 
rcylinder(0.9,0.5) 3.095096e+00 -1.894922e+00 7.439613e+00 3.004554e-01 -8.948896e-01 -3.299989e-01 6.162334e-01 4.462092e-01 -6.489636e-01 7.279993e-01 -8.371687e-03 6.855267e-01 8.924655e-01 2.448006e-01 2.830259e-01 
rcylinder(0.9,0.5) -2.908080e+00 -2.086472e+00 7.502459e+00 -7.806752e-01 8.648600e-02 -6.189235e-01 2.165639e-01 -8.915706e-01 -3.977461e-01 -5.862135e-01 -4.445470e-01 6.772974e-01 4.999077e-01 3.724079e-01 2.904324e-01 
rcylinder(0.9,0.5) 9.510513e-01 -3.365206e+00 7.721413e+00 -7.788565e-01 5.472601e-01 -3.064129e-01 -3.051052e-01 -7.574268e-01 -5.772481e-01 -5.479902e-01 -3.561052e-01 7.568987e-01 5.795053e-01 4.068088e-01 2.187911e-01 
rcylinder(0.9,0.5) 1.374110e+00 -2.950590e+00 7.424650e+00 -3.971371e-01 8.740143e-01 2.799662e-01 7.564694e-01 1.390137e-01 6.390846e-01 5.196499e-01 4.655901e-01 -7.163727e-01 4.809689e-01 4.323150e-01 2.552646e-01 
rcylinder(0.9,0.5) 2.605968e+00 -3.191146e+00 7.762066e+00 -6.864411e-01 2.991266e-01 -6.628136e-01 -8.449806e-02 -9.381144e-01 -3.358592e-01 -7.222595e-01 -1.745411e-01 6.692359e-01 7.429130e-01 2.499665e-01 2.976877e-01 
rcylinder(0.9,0.5) 3.117340e+00 -2.813529e+00 7.567638e+00 1.479459e-01 -9.514247e-01 -2.700055e-01 5.908832e-01 -1.338931e-01 7.955688e-01 -7.930757e-01 -2.772428e-01 5.423719e-01 6.504815e-01 1.862318e-01 4.118653e-01 
rcylinder(0.9,0.5) 3.175489e+00 -3.709482e+00 7.277719e+00 9.018081e-02 -7.730625e-01 -6.278867e-01 -6.660834e-01 4.218856e-01 -6.150980e-01 7.404056e-01 4.736950e-01 -4.768781e-01 4.736745e-01 2.336350e-01 4.708097e-01 
rcylinder(0.9,0.5) 3.198064e-01 -4.701930e+00 7.912638e+00 -6.733656e-01 6.594092e-01 -3.343026e-01 -3.374343e-01 -6.764571e-01 -6.546327e-01 -6.578121e-01 -3.280020e-01 6.780102e-01 6.047982e-01 3.079691e-01 2.897908e-01 
rcylinder(0.9,0.5) -3.151232e-01 -3.895086e+00 7.411611e+00 3.214447e-01 -9.002193e-01 -2.937321e-01 -5.706671e-01 6.337350e-02 -8.187325e-01 7.556536e-01 4.308004e-01 -4.933545e-01 5.122796e-01 2.199118e-01 4.559810e-01 
rcylinder(0.9,0.5) -4.368820e+00 -3.945109e+00 8.009875e+00 4.388684e-01 -8.872647e-01 -1.419714e-01 -5.336944e-01 -1.302800e-01 -8.355821e-01 7.228864e-01 4.424799e-01 -5.307040e-01 5.017681e-01 2.494022e-01 4.223664e-01 
rcylinder(0.9,0.5) -4.798782e+00 -4.238960e+00 7.453944e+00 2.922925e-01 -9.080877e-01 -2.999029e-01 -5.937037e-01 7.354125e-02 -8.013162e-01 7.497206e-01 4.122722e-01 -5.176395e-01 5.289550e-01 2.252514e-01 4.341245e-01 
rcylinder(0.9,0.5) -1.141195e+00 4.736456e+00 7.762447e+00 -7.569980e-01 -1.184756e-01 -6.425866e-01 3.704311e-01 -8.879356e-01 -2.726744e-01 -5.382702e-01 -4.444480e-01 7.160524e-01 4.999968e-01 4.155568e-01 2.555528e-01 
rcylinder(0.9,0.5) -7.499658e-01 4.926210e+00 7.415111e+00 -1.328211e-01 -6.421147e-01 -7.550148e-01 -8.209709e-01 4.980689e-01 -2.791669e-01 5.553065e-01 5.827659e-01 -5.933115e-01 3.755107e-01 4.002241e-01 3.660196e-01 
rcylinder(0.9,0.5) 7.263333e-01 4.958585e+00 7.823935e+00 -7.031774e-01 5.741476e-01 -4.193996e-01 3.682136e-01 7.986587e-01 4.759863e-01 6.082436e-01 1.802742e-01 -7.730077e-01 7.377532e-01 3.525808e-01 2.042930e-01 
rcylinder(0.9,0.5) 7.009133e-01 4.493277e+00 7.541040e+00 -5.250692e-01 1.516716e-01 -8.374354e-01 -6.106302e-01 6.182739e-01 4.948414e-01 5.928179e-01 7.711894e-01 -2.320214e-01 2.059296e-01 3.664639e-01 6.911807e-01 
rcylinder(0.9,0.5) 1.243950e+00 4.791044e+00 7.447755e+00 -8.718078e-01 4.611861e-01 -1.651013e-01 2.982175e-01 7.670854e-01 5.680196e-01 3.886096e-01 4.459679e-01 -8.062848e-01 4.986289e-01 5.502514e-01 1.743436e-01 
rcylinder(0.9,0.5) 8.034652e-02 4.308082e+00 7.412438e+00 -5.184494e-01 2.915357e-01 -8.038763e-01 4.982333e-01 -6.610387e-01 -5.610628e-01 -6.949632e-01 -6.914006e-01 1.974622e-01 2.777394e-01 2.745331e-01 7.222839e-01 
rcylinder(0.9,0.5) -6.334029e+00 2.142525e+00 7.505108e+00 -6.759677e-01 -6.728117e-01 -3.006528e-01 -1.233100e-01 5.054949e-01 -8.539727e-01 7.265413e-01 -5.401845e-01 -4.246627e-01 4.138339e-01 2.461128e-01 5.178036e-01 
rcylinder(0.9,0.5) 1.035455e+00 1.394857e+00 7.668167e+00 4.007704e-01 -9.160505e-01 1.531787e-02 -4.658651e-01 -2.181546e-01 -8.575420e-01 7.888934e-01 3.365414e-01 -5.141859e-01 5.971128e-01 1.899959e-01 4.372327e-01 
rcylinder(0.9,0.5) 1.540294e+00 1.667633e+00 7.406769e+00 1.397726e-01 8.451174e-01 5.159847e-01 -9.692285e-01 1.013237e-02 2.459541e-01 2.026319e-01 -5.344847e-01 8.205281e-01 4.189637e-01 7.176313e-01 1.615247e-01 
rcylinder(0.9,0.5) 3.243300e+00 1.560266e+00 7.813003e+00 5.594088e-01 -4.809816e-01 6.750693e-01 4.519206e-02 -7.955144e-01 -6.042471e-01 8.276591e-01 3.685289e-01 -4.232812e-01 5.683240e-01 1.551069e-01 5.190469e-01 
rcylinder(0.9,0.5) 3.034177e+00 1.311742e+00 7.399628e+00 -4.412125e-01 4.506151e-01 -7.760654e-01 -3.361450e-02 8.558851e-01 5.160724e-01 8.967729e-01 2.537846e-01 -3.624800e-01 6.715939e-01 9.290440e-02 5.737680e-01 
rcylinder(0.9,0.5) 1.856888e+00 6.543308e-01 7.326051e+00 6.833101e-01 -2.186312e-02 7.298009e-01 2.340780e-01 -9.402306e-01 -2.473336e-01 6.915886e-01 3.398358e-01 -6.373514e-01 5.941477e-01 2.775702e-01 3.263838e-01 
rcylinder(0.9,0.5) -9.637808e-02 -1.633412e+00 7.740203e+00 8.196891e-01 -3.944723e-01 4.153329e-01 -2.049669e-01 -8.790621e-01 -4.303932e-01 5.348816e-01 2.676591e-01 -8.014114e-01 6.591068e-01 4.186065e-01 1.787297e-01 
rcylinder(0.9,0.5) 4.083483e-01 -1.259746e+00 7.503626e+00 7.969221e-01 7.689700e-02 5.991677e-01 2.339251e-01 -9.537617e-01 -1.887262e-01 5.569507e-01 2.905604e-01 -7.780620e-01 6.384956e-01 3.987443e-01 1.997442e-01 
rcylinder(0.9,0.5) -3.802512e+00 -2.656952e+00 7.432428e+00 4.203719e-01 5.721837e-01 7.041968e-01 6.669161e-01 -7.210820e-01 1.877864e-01 6.152320e-01 3.907000e-01 -6.847212e-01 5.483700e-01 3.462912e-01 2.837509e-01 
rcylinder(0.9,0.5) -1.781688e+00 -3.670869e+00 7.403515e+00 -8.237831e-01 2.382592e-01 -5.144064e-01 9.745519e-02 -8.343682e-01 -5.425239e-01 -5.584657e-01 -4.970536e-01 6.641188e-01 4.526518e-01 3.973809e-01 3.022931e-01 
rcylinder(0.9,0.5) 8.673063e-01 -4.373701e+00 7.679174e+00 3.756804e-01 -9.265305e-01 2.013787e-02 -5.174379e-01 -2.277337e-01 -8.248608e-01 7.688447e-01 2.994639e-01 -5.649771e-01 6.304825e-01 2.080397e-01 3.915206e-01 
rcylinder(0.9,0.5) 1.377908e+00 -4.024502e+00 7.379929e+00 -6.442085e-01 7.198985e-01 -2.583439e-01 -3.387918e-01 -5.714094e-01 -7.474699e-01 -6.857226e-01 -3.940017e-01 6.120026e-01 5.453985e-01 2.828496e-01 3.491977e-01 
rcylinder(0.9,0.5) -1.992453e+00 6.126162e+00 7.635105e+00 -2.173237e-02 -6.376106e-01 -7.700522e-01 -8.668765e-01 3.957229e-01 -3.031972e-01 4.980491e-01 6.609510e-01 -5.613296e-01 3.051441e-01 4.517559e-01 3.948033e-01 
rcylinder(0.9,0.5) -1.508190e+00 6.351239e+00 7.371149e+00 -7.951388e-01 1.314656e-01 -5.920060e-01 1.569259e-01 -8.983617e-01 -4.102687e-01 -5.857717e-01 -4.191216e-01 6.936920e-01 5.227905e-01 3.728054e-01 2.756772e-01 
rcylinder(0.9,0.5) 3.496878e+00 5.935165e+00 7.412016e+00 -7.151264e-01 3.466679e-01 6.069725e-01 5.321061e-01 8.330840e-01 1.511099e-01 -4.532741e-01 4.310364e-01 -7.802244e-01 5.120672e-01 4.920533e-01 1.977980e-01 
rcylinder(0.9,0.5) 4.515138e+00 5.521729e+00 7.617041e+00 7.859404e-01 -2.001455e-01 -5.850123e-01 -1.482147e-01 8.575876e-01 -4.925199e-01 6.002749e-01 4.737987e-01 6.443483e-01 4.735811e-01 3.597525e-01 3.200865e-01 
rcylinder(0.9,0.5) -1.658986e+00 4.502964e+00 8.087341e+00 -6.217964e-01 7.588123e-01 1.938379e-01 6.186824e-01 3.241571e-01 7.156496e-01 4.802097e-01 5.649124e-01 -6.710236e-01 3.915789e-01 4.678112e-01 2.960788e-01 
rcylinder(0.9,0.5) -1.949348e+00 5.036068e+00 7.353581e+00 -5.860126e-01 -4.454605e-01 -6.768708e-01 6.644862e-01 -7.422414e-01 -8.680844e-02 -4.637318e-01 -5.006422e-01 7.309652e-01 4.494220e-01 4.826414e-01 2.421313e-01 
rcylinder(0.9,0.5) -4.173844e+00 4.690269e+00 7.846659e+00 -7.513099e-01 2.849960e-01 -5.952401e-01 -6.370975e-02 -9.290566e-01 -3.644104e-01 -6.568672e-01 -2.358626e-01 7.161664e-01 6.877237e-01 3.088195e-01 2.554502e-01 
rcylinder(0.9,0.5) -1.123810e+00 3.420749e+00 7.429509e+00 -5.958446e-01 7.707709e-01 -2.255692e-01 -4.346469e-01 -5.456790e-01 -7.164611e-01 -6.753157e-01 -3.288565e-01 6.601531e-01 6.040292e-01 2.922158e-01 3.058622e-01 
rcylinder(0.9,0.5) -5.996686e-01 3.706301e+00 7.285452e+00 -6.851476e-01 6.763132e-01 -2.705057e-01 -3.543458e-01 -6.339300e-01 -6.874386e-01 -6.364054e-01 -3.751443e-01 6.739843e-01 5.623701e-01 3.272351e-01 2.934141e-01 
rcylinder(0.9,0.5) -3.095553e+00 3.374585e+00 7.601887e+00 -7.011266e-01 -4.475377e-01 -5.550959e-01 4.381931e-01 -8.845790e-01 1.597087e-01 -5.625019e-01 -1.312632e-01 8.163097e-01 7.818631e-01 3.937483e-01 1.653212e-01 
rcylinder(0.9,0.5) -2.483428e+00 3.609757e+00 7.357042e+00 -5.477792e-01 -6.480561e-01 -5.291137e-01 5.879476e-01 -7.481257e-01 3.076125e-01 -5.951937e-01 -1.425874e-01 7.908307e-01 7.716713e-01 3.643256e-01 1.882524e-01 
rcylinder(0.9,0.5) 5.648018e+00 3.980301e+00 7.845988e+00 1.080384e-01 9.607319e-01 2.555817e-01 7.096649e-01 -2.545693e-01 6.569400e-01 6.962065e-01 1.104026e-01 -7.093009e-01 8.006376e-01 2.734142e-01 2.616292e-01 
rcylinder(0.9,0.5) -2.334669e+00 2.798202e+00 7.903006e+00 2.327172e-01 8.829449e-01 4.077387e-01 -8.228270e-01 4.022518e-01 -4.014339e-01 -5.184577e-01 -2.420779e-01 8.201219e-01 6.821299e-01 4.333881e-01 1.618903e-01 
rcylinder(0.9,0.5) 1.463083e+00 2.745509e+00 7.797972e+00 2.566032e-01 -9.558809e-01 1.429914e-01 7.967849e-01 1.254721e-01 -5.910927e-01 5.470728e-01 2.656097e-01 7.938280e-01 6.609513e-01 4.076345e-01 1.855548e-01 
rcylinder(0.9,0.5) 8.287583e-01 2.530766e+00 7.351580e+00 -4.665537e-01 8.780054e-01 1.069302e-01 -2.963542e-01 -4.126837e-02 -9.541861e-01 -8.333677e-01 -4.768683e-01 2.794545e-01 4.708185e-01 1.499690e-01 6.484910e-01 
rcylinder(0.9,0.5) -5.183966e+00 2.256849e+00 7.993153e+00 2.198189e-01 -8.138321e-01 -5.379191e-01 -7.750564e-01 1.891627e-01 -6.029137e-01 5.924248e-01 5.494496e-01 -5.891842e-01 4.054954e-01 3.668177e-01 3.697342e-01 
rcylinder(0.9,0.5) -4.609002e+00 2.458375e+00 7.652599e+00 1.851872e-01 -7.851655e-01 -5.909491e-01 -7.536689e-01 2.724249e-01 -5.981369e-01 6.306257e-01 5.561472e-01 -5.413052e-01 3.994675e-01 3.324368e-01 4.128253e-01 
rcylinder(0.9,0.5) -2.056579e+00 6.504099e-01 7.624887e+00 7.079809e-01 4.856555e-01 5.127394e-01 -5.366696e-01 8.419047e-01 -5.641031e-02 -4.590737e-01 -2.352342e-01 8.566891e-01 6.882892e-01 4.868336e-01 1.289798e-01 
rcylinder(0.9,0.5) -1.492123e+00 9.133112e-01 7.343785e+00 4.356832e-01 6.510363e-01 6.215560e-01 7.232051e-01 -6.643041e-01 1.888772e-01 5.358681e-01 3.672218e-01 -7.602589e-01 5.695004e-01 4.177187e-01 2.157670e-01 
rcylinder(0.9,0.5) -5.315711e+00 -1.428621e+00 7.435286e+00 2.086398e-01 -8.036036e-01 -5.573964e-01 -7.549559e-01 2.299652e-01 -6.141316e-01 6.217001e-01 5.489419e-01 -5.587054e-01 4.059523e-01 3.404699e-01 3.971652e-01 
rcylinder(0.9,0.5) 1.783956e+00 -1.485423e+00 7.515264e+00 -1.426802e-01 9.735603e-01 1.783891e-01 -7.554427e-01 9.331250e-03 -6.551482e-01 -6.394909e-01 -2.282395e-01 7.341377e-01 6.945844e-01 3.244582e-01 2.392761e-01 
rcylinder(0.9,0.5) 2.285088e+00 -1.240135e+00 7.304362e+00 -3.322092e-01 9.286952e-01 1.648097e-01 -6.799627e-01 -1.147111e-01 -7.242182e-01 -6.536725e-01 -3.526564e-01 6.695862e-01 5.826092e-01 3.116947e-01 2.973724e-01 
rcylinder(0.9,0.5) 4.923978e+00 -2.526321e+00 7.581592e+00 7.519512e-01 -1.778076e-01 -6.347864e-01 -1.718665e-01 8.767581e-01 -4.491739e-01 6.364207e-01 4.468554e-01 6.287201e-01 4.978302e-01 3.272214e-01 3.341519e-01 
rcylinder(0.9,0.5) 3.634823e+00 -2.488354e+00 7.328606e+00 9.259712e-02 -9.656342e-01 -2.428504e-01 5.237306e-01 -1.601988e-01 8.366855e-01 -8.468365e-01 -2.046628e-01 4.908982e-01 7.158035e-01 1.378471e-01 4.581916e-01 
rcylinder(0.9,0.5) 2.752306e+00 -4.241955e+00 7.308763e+00 -4.067766e-01 2.906742e-01 -8.660492e-01 4.153777e-01 -7.855051e-01 -4.587407e-01 -8.136302e-01 -5.463426e-01 1.987855e-01 4.082917e-01 1.677328e-01 7.210930e-01 
rcylinder(0.9,0.5) -1.958933e-01 6.397262e+00 7.705275e+00 1.515115e-01 8.030729e-01 5.762970e-01 8.328276e-01 -4.177402e-01 3.631684e-01 5.323931e-01 4.249319e-01 -7.321137e-01 5.175613e-01 4.208462e-01 2.410977e-01 
rcylinder(0.9,0.5) 3.558131e-01 6.305079e+00 7.292235e+00 -7.622244e-02 8.856151e-01 4.581224e-01 8.288501e-01 -1.991226e-01 5.228362e-01 5.542542e-01 4.195666e-01 -7.188645e-01 5.223900e-01 4.011712e-01 2.530220e-01 
rcylinder(0.9,0.5) 2.308243e+00 4.555232e+00 8.061687e+00 5.676302e-01 1.005204e-01 8.171239e-01 -3.722633e-01 9.165970e-01 1.458423e-01 -7.343132e-01 -3.869698e-01 5.577082e-01 5.517272e-01 2.391181e-01 3.980626e-01 
rcylinder(0.9,0.5) 1.957286e+00 4.151389e+00 7.386821e+00 7.712372e-01 -5.524575e-01 -3.162021e-01 2.458277e-01 -1.997105e-01 9.485169e-01 -5.871642e-01 -8.092629e-01 -1.821475e-02 1.716634e-01 3.715522e-01 8.836067e-01 
rcylinder(0.9,0.5) 1.882731e+00 5.106124e+00 7.254032e+00 -3.320321e-01 -8.246088e-01 -4.580121e-01 -8.930314e-01 4.311517e-01 -1.288534e-01 3.037264e-01 3.662357e-01 -8.795577e-01 5.703879e-01 6.266463e-01 1.083981e-01 
rcylinder(0.9,0.5) 2.789003e+00 3.487341e+00 7.574244e+00 2.995111e-01 5.872888e-01 7.519209e-01 6.087703e-01 -7.244606e-01 3.233506e-01 7.346372e-01 3.609000e-01 -5.745079e-01 5.751900e-01 2.388265e-01 3.829428e-01 
rcylinder(0.9,0.5) 3.361441e+00 3.721715e+00 7.276299e+00 4.502675e-02 -8.439517e-01 -5.345261e-01 3.347927e-01 -4.913782e-01 8.040282e-01 -9.412154e-01 -2.151582e-01 2.604237e-01 7.063576e-01 5.290616e-02 6.656186e-01 
rcylinder(0.9,0.5) 5.150189e+00 2.459481e+00 7.807950e+00 3.472847e-01 7.266589e-01 5.927564e-01 5.703148e-01 -6.654272e-01 4.816094e-01 7.444020e-01 1.708021e-01 -6.455171e-01 7.462781e-01 2.300382e-01 3.190346e-01 
