2000 α=0.6 
-11.000000 11.000000
-11.000000 11.000000
-11.000000 11.000000
RCUBE(6.000000e-01) -3.765307e+00 -4.417995e+00 -5.018727e+00 0.486357 0.599995 0.635188 0.022596 0.718079 -0.695595 -0.873468 0.352660 0.335685  5.928227e-01 3.449242e-01 3.257677e-01
RCUBE(6.000000e-01) 3.951391e+00 -3.489816e+00 2.072199e+00 0.291919 0.487991 0.822586 0.597685 0.578366 -0.555216 -0.746696 0.653726 -0.122829  4.068388e-01 2.870742e-01 5.155947e-01
RCUBE(6.000000e-01) 6.299810e+00 -3.632004e+00 2.486733e+00 -0.820187 0.470179 -0.325921 0.075522 0.653695 0.752980 0.567089 0.592971 -0.571661  5.113577e-01 2.934248e-01 4.132130e-01
RCUBE(6.000000e-01) -2.783198e+00 -1.395460e+00 -1.823949e+00 -0.299056 -0.641696 0.706251 0.825733 0.196921 0.528571 -0.478258 0.741248 0.470979  5.097380e-01 3.691575e-01 3.050705e-01
RCUBE(6.000000e-01) -5.342963e-01 1.717273e+00 -3.049482e+00 0.093172 -0.477325 0.873773 -0.984280 -0.176405 0.008589 0.150038 -0.860838 -0.486257  7.361323e-01 2.817462e-01 3.689062e-01
RCUBE(6.000000e-01) -2.586609e+00 1.967064e+00 -1.679527e+00 -0.770878 -0.480289 0.418413 -0.615988 0.394835 -0.681663 0.162191 -0.783216 -0.600222  4.280787e-01 4.475337e-01 2.757479e-01
RCUBE(6.000000e-01) -6.858024e-01 2.777390e+00 -4.843530e+00 0.301443 -0.836350 -0.457876 -0.942504 -0.334035 -0.010352 -0.144289 0.434671 -0.888956  6.333536e-01 2.712925e-01 4.826353e-01
RCUBE(6.000000e-01) 1.738874e+00 -7.234099e+00 1.884200e+00 -0.196071 0.943429 -0.267392 0.841112 0.021635 -0.540428 -0.504071 -0.330869 -0.797771  4.190122e-01 6.787130e-01 2.649722e-01
RCUBE(6.000000e-01) 2.045262e+00 -3.045211e+00 -6.746391e+00 0.251647 -0.404529 -0.879221 -0.955460 -0.248560 -0.159105 -0.154176 0.880099 -0.449061  6.420019e-01 4.026344e-01 3.991530e-01
RCUBE(6.000000e-01) -1.961985e+00 3.220700e+00 -6.669690e+00 0.881851 0.468866 0.050032 0.432365 -0.761707 -0.482559 -0.188146 0.447177 -0.874433  5.532738e-01 2.098526e-01 5.366907e-01
RCUBE(6.000000e-01) -7.574496e+00 1.034439e+00 6.689452e-01 0.154483 0.927648 0.340005 0.987977 -0.142972 -0.058818 -0.005952 0.345004 -0.938582  6.318838e-01 3.284329e-01 4.239123e-01
RCUBE(6.000000e-01) 1.120168e+00 -1.522024e+00 -1.954950e+00 -0.217859 -0.251961 -0.942896 0.294135 0.904234 -0.309590 0.930603 -0.344786 -0.122885  5.081732e-01 4.038602e-01 5.501932e-01
RCUBE(6.000000e-01) 2.799295e+00 -2.422022e+00 -5.562443e+00 -0.937918 -0.121595 -0.324844 0.345927 -0.396434 -0.850397 -0.025376 -0.909975 0.413886  6.004231e-01 5.186847e-01 2.707853e-01
RCUBE(6.000000e-01) 5.183057e+00 8.224517e-01 -4.084941e+00 0.703932 -0.015567 -0.710097 0.699796 0.186239 0.689638 0.121512 -0.982381 0.141993  2.180622e-01 8.495330e-01 2.175150e-01
RCUBE(6.000000e-01) -6.328141e+00 -2.103505e+00 -1.087081e-01 -0.283648 0.721726 0.631391 -0.943161 -0.328885 -0.047769 0.173179 -0.609053 0.773992  7.190376e-01 1.736583e-01 3.549727e-01
RCUBE(6.000000e-01) 7.449172e+00 1.399490e+00 1.266784e+00 0.970709 0.178415 0.160912 0.012367 -0.705959 0.708145 0.239941 -0.685412 -0.687487  8.058934e-01 2.392922e-01 2.457463e-01
RCUBE(6.000000e-01) 2.605771e+00 1.999087e+00 -3.217099e+00 0.750104 -0.011490 0.661220 0.527373 0.613680 -0.587600 -0.399026 0.789471 0.466384  4.143298e-01 4.692972e-01 3.138945e-01
RCUBE(6.000000e-01) 2.630601e+00 2.552552e+00 -4.318641e+00 0.412884 0.568637 -0.711462 -0.384511 0.816955 0.429809 0.825638 0.096104 0.555955  4.935238e-01 4.778584e-01 2.645816e-01
RCUBE(6.000000e-01) -1.496034e-01 -2.784888e+00 -1.759410e-02 -0.791645 0.520063 0.320676 -0.440113 -0.121342 -0.889706 -0.423792 -0.845465 0.324946  3.275936e-01 4.670182e-01 5.674604e-01
RCUBE(6.000000e-01) -1.092312e+00 6.562850e+00 -1.589886e-01 0.770905 0.162550 -0.615859 -0.284706 0.952860 -0.104884 0.569779 0.256194 0.780844  2.845650e-01 7.315916e-01 3.178840e-01
RCUBE(6.000000e-01) 1.391605e+00 -8.432867e-01 4.321197e+00 0.588809 -0.755063 -0.288416 0.336091 -0.095802 0.936944 -0.735083 -0.648615 0.197361  2.597627e-01 3.171327e-01 7.050776e-01
RCUBE(6.000000e-01) 1.422084e+00 -1.773511e+00 6.266028e+00 -0.175640 0.188772 -0.966186 0.900066 0.428361 -0.079927 0.398789 -0.883669 -0.245145  4.309061e-01 3.547819e-01 6.506950e-01
RCUBE(6.000000e-01) 4.809004e-01 4.557577e+00 9.947588e-01 0.808877 0.285628 -0.513941 0.574576 -0.198418 0.794036 0.124823 -0.937575 -0.324611  3.654457e-01 6.785446e-01 3.195900e-01
RCUBE(6.000000e-01) -1.615363e+00 -8.500806e-01 3.934677e-01 -0.622581 -0.446170 -0.642904 -0.766346 0.513955 0.385441 0.158451 0.732655 -0.661899  4.355757e-01 3.875145e-01 3.215788e-01
RCUBE(6.000000e-01) 1.680476e+00 -4.953103e+00 5.631631e+00 0.877863 0.458430 0.138561 0.220900 -0.644309 0.732168 0.424923 -0.612134 -0.666882  6.003461e-01 2.261612e-01 3.695153e-01
RCUBE(6.000000e-01) 3.741118e+00 7.502287e-01 -7.706213e-01 0.455736 -0.630164 -0.628648 -0.596518 0.307974 -0.741160 0.660659 0.712773 -0.235549  3.055556e-01 3.780514e-01 4.099206e-01
RCUBE(6.000000e-01) -6.091123e+00 -1.759069e-01 2.703122e+00 0.309403 -0.657055 0.687422 -0.891500 0.051129 0.450127 -0.330905 -0.752107 -0.569945  6.186332e-01 3.668471e-01 2.187587e-01
RCUBE(6.000000e-01) 6.638767e-01 -1.239239e-01 4.593615e+00 0.788272 0.613839 -0.042776 -0.108839 0.070671 -0.991544 -0.605625 0.786262 0.122518  2.491892e-01 2.344194e-01 8.549106e-01
RCUBE(6.000000e-01) -4.719397e+00 3.637280e+00 -2.954552e+00 0.751758 -0.504926 0.424158 -0.628565 -0.354155 0.692445 -0.199416 -0.787162 -0.583618  3.986665e-01 4.544808e-01 2.982696e-01
RCUBE(6.000000e-01) -4.448510e+00 1.399981e+00 -3.212249e+00 0.345662 0.588954 -0.730514 0.921527 -0.066269 0.382618 0.176934 -0.805445 -0.565643  6.619075e-01 4.149440e-01 1.761322e-01
RCUBE(6.000000e-01) -8.210485e-01 3.773416e+00 6.634794e+00 -0.120235 0.500867 0.857133 0.910622 0.399491 -0.105705 -0.395361 0.767815 -0.504133  6.127953e-01 1.752738e-01 4.892212e-01
RCUBE(6.000000e-01) -4.386271e+00 6.034597e+00 -1.850238e+00 -0.569324 0.785918 -0.241254 0.639991 0.239493 -0.730106 -0.516025 -0.570067 -0.639329  2.689605e-01 4.666064e-01 3.959103e-01
RCUBE(6.000000e-01) 3.177722e+00 -3.961515e+00 2.552743e+00 -0.336957 -0.449202 -0.827453 0.606496 0.568659 -0.555688 0.720154 -0.689090 0.080826  3.737799e-01 3.276316e-01 5.230032e-01
RCUBE(6.000000e-01) 2.719968e+00 -3.353744e+00 -5.097559e+00 -0.440121 0.486100 0.754984 -0.044402 -0.851550 0.522390 0.896840 0.196391 0.396369  5.923700e-01 4.926140e-01 2.086580e-01
RCUBE(6.000000e-01) -5.772395e+00 3.314454e+00 1.576337e-01 -0.881823 0.468546 0.053418 0.398371 0.679512 0.616088 0.252367 0.564560 -0.785864  5.980679e-01 1.619754e-01 4.235669e-01
RCUBE(6.000000e-01) -7.575488e+00 1.566725e-01 -1.251595e+00 0.984817 -0.008622 0.173381 -0.137552 -0.648042 0.749080 0.105900 -0.761555 -0.639389  8.466095e-01 2.619048e-01 1.868223e-01
RCUBE(6.000000e-01) -7.234291e-01 1.323074e+00 -3.025374e-01 -0.339533 0.935420 0.098527 -0.504859 -0.092857 -0.858193 -0.793622 -0.341127 0.503783  1.930323e-01 6.547687e-01 4.604446e-01
RCUBE(6.000000e-01) -4.612444e+00 -4.683015e+00 3.973068e+00 -0.541497 -0.146438 -0.827851 0.610839 0.608046 -0.507106 0.577631 -0.780279 -0.239805  1.879286e-01 4.458469e-01 5.194681e-01
RCUBE(6.000000e-01) 4.338029e+00 -1.445274e+00 6.166943e+00 -0.701572 -0.598370 0.386975 -0.411053 0.783415 0.466151 -0.582093 0.167971 -0.795583  2.919512e-01 4.385202e-01 4.587108e-01
RCUBE(6.000000e-01) 3.304712e+00 6.095264e+00 3.280436e+00 -0.461430 -0.780643 -0.421520 0.713479 -0.044140 -0.699285 0.527286 -0.623416 0.577340  3.707689e-01 4.595478e-01 3.587853e-01
RCUBE(6.000000e-01) -1.029097e+00 1.503261e+00 6.439735e+00 -0.545591 0.808371 -0.221058 0.832280 0.553548 -0.029915 0.098184 -0.200304 -0.974802  3.587229e-01 2.258658e-01 7.619741e-01
RCUBE(6.000000e-01) -4.924108e+00 -2.348347e+00 -3.838428e+00 -0.235192 -0.677870 0.696547 0.639977 -0.647375 -0.413925 0.731514 0.348422 0.586079  3.944160e-01 3.387250e-01 3.473058e-01
RCUBE(6.000000e-01) -4.070982e+00 -6.355351e+00 -1.443769e+00 0.813127 -0.430823 -0.391427 -0.241666 0.361901 -0.900348 0.529548 0.826692 0.190156  3.776312e-01 4.133764e-01 5.866822e-01
RCUBE(6.000000e-01) -8.101725e-01 -3.802984e+00 5.428559e+00 0.156829 0.592621 -0.790067 0.342822 0.717560 0.606285 0.926217 -0.365935 -0.090629  6.778517e-01 1.543013e-01 3.942603e-01
RCUBE(6.000000e-01) 4.131830e-01 6.651074e+00 2.416085e-01 -0.056447 -0.991636 -0.116069 -0.608167 0.126348 -0.783689 0.791800 0.026353 -0.610212  2.674842e-01 8.549125e-01 1.930992e-01
RCUBE(6.000000e-01) -1.733051e-01 -4.039114e+00 -3.995866e+00 -0.213318 -0.498267 -0.840372 0.033141 -0.863366 0.503488 -0.976421 0.079552 0.200685  7.328200e-01 3.868529e-01 2.452988e-01
RCUBE(6.000000e-01) -1.768276e+00 4.346368e+00 3.138947e+00 0.028251 -0.754014 -0.656251 -0.805299 -0.406107 0.431938 -0.592195 0.516276 -0.618680  4.885693e-01 4.128522e-01 3.076695e-01
RCUBE(6.000000e-01) 6.263496e+00 -3.201914e-01 -2.292412e+00 -0.323600 -0.568432 -0.756418 -0.275966 0.821374 -0.499186 0.905056 0.047209 -0.422665  6.174365e-01 4.364215e-01 2.610224e-01
RCUBE(6.000000e-01) -1.077411e+00 -2.785732e+00 -3.563150e+00 0.017452 -0.796853 0.603922 0.223121 0.591886 0.774524 -0.974635 0.121231 0.188124  7.897556e-01 3.224111e-01 2.095121e-01
RCUBE(6.000000e-01) -8.804343e-01 -1.546007e+00 -3.594020e+00 -0.048079 0.720445 -0.691844 -0.982267 0.091562 0.163609 0.181218 0.687441 0.703267  8.485874e-01 2.364460e-01 1.927888e-01
RCUBE(6.000000e-01) -1.266285e+00 -2.220335e+00 -6.093983e+00 -0.982572 0.150475 0.109129 -0.180899 -0.639078 -0.747566 -0.042748 -0.754279 0.655161  8.391345e-01 2.495744e-01 2.151765e-01
RCUBE(6.000000e-01) 8.096148e-01 -2.487278e+00 -6.147014e+00 0.013301 0.918842 -0.394402 -0.115750 0.393200 0.912138 0.993189 0.033519 0.111586  6.827688e-01 3.788696e-01 2.981526e-01
RCUBE(6.000000e-01) -1.655318e+00 -3.260596e+00 -3.564710e-01 0.800031 -0.500011 -0.331571 0.464376 0.866001 -0.185464 0.379875 -0.005596 0.925021  2.549989e-01 4.778213e-01 6.256564e-01
RCUBE(6.000000e-01) 7.395560e+00 4.676800e-01 -2.034282e+00 -0.210036 0.784995 -0.582811 0.175156 0.616676 0.767484 0.961876 0.059116 -0.267020  7.561527e-01 3.202851e-01 2.546827e-01
RCUBE(6.000000e-01) 4.036316e+00 4.971271e+00 1.781235e+00 -0.663744 -0.747934 -0.006229 0.475682 -0.428534 0.768170 -0.577210 0.506905 0.640215  3.205921e-01 4.147844e-01 4.420384e-01
RCUBE(6.000000e-01) 6.041887e+00 2.846600e+00 3.790568e+00 0.588709 -0.610487 -0.529838 0.105899 0.708058 -0.698169 0.801378 0.354909 0.481489  4.865752e-01 3.671126e-01 3.436196e-01
RCUBE(6.000000e-01) 2.009881e+00 -3.564216e+00 5.275758e+00 0.315231 -0.528553 0.788201 0.914128 0.392238 -0.102566 -0.254951 0.752849 0.606811  6.453183e-01 2.844956e-01 3.775574e-01
RCUBE(6.000000e-01) -2.648891e-01 4.703236e+00 1.721995e-01 0.483906 0.250806 0.838410 -0.358096 0.930920 -0.071797 -0.798500 -0.265488 0.540291  2.977755e-01 6.509259e-01 4.231658e-01
RCUBE(6.000000e-01) -1.917949e-01 -7.134479e+00 -2.841843e+00 0.216819 -0.365369 0.905259 -0.030705 -0.929412 -0.367763 0.975729 0.051942 -0.212733  6.314020e-01 4.611516e-01 2.924321e-01
RCUBE(6.000000e-01) -5.349779e+00 -4.622113e-01 -3.954902e+00 -0.408656 0.711932 0.571098 -0.296664 -0.695367 0.654565 0.863129 0.098067 0.495371  5.754460e-01 3.354637e-01 2.220661e-01
RCUBE(6.000000e-01) 3.080918e+00 4.612636e-01 1.864516e+00 0.803267 -0.021647 0.595226 -0.389939 0.736295 0.553007 -0.450233 -0.676314 0.583001  4.888175e-01 3.955580e-01 2.522716e-01
RCUBE(6.000000e-01) -5.003964e+00 -6.715854e-01 -2.500474e+00 -0.405651 0.751027 0.520965 -0.321517 -0.650785 0.687827 0.855613 0.111519 0.505460  5.573596e-01 3.790420e-01 2.529707e-01
RCUBE(6.000000e-01) 6.198237e+00 4.824805e-01 4.508039e+00 -0.356923 -0.732761 0.579368 -0.817158 -0.055594 -0.573727 0.452614 -0.678211 -0.578939  5.082533e-01 3.896874e-01 2.304500e-01
RCUBE(6.000000e-01) -7.156961e+00 5.684465e-01 2.724829e+00 0.257552 -0.577581 0.774640 -0.273984 -0.812435 -0.514667 0.926607 -0.079686 -0.367492  6.591244e-01 3.964833e-01 2.857309e-01
RCUBE(6.000000e-01) -1.106778e-01 9.074132e-01 2.500385e+00 -0.505732 0.798357 -0.326897 0.836548 0.361258 -0.411922 -0.210767 -0.481788 -0.850563  4.683266e-01 3.815972e-01 4.984597e-01
RCUBE(6.000000e-01) 1.466443e+00 -1.582559e-01 -8.995360e-01 -0.567809 -0.018221 -0.822959 0.645998 0.609761 -0.459214 0.510175 -0.792376 -0.334457  2.191033e-01 4.573722e-01 5.068990e-01
RCUBE(6.000000e-01) 2.312687e+00 -2.341957e+00 3.294337e+00 -0.577006 -0.605103 0.548556 0.738747 -0.100241 0.666487 -0.348305 0.789811 0.504858  4.038828e-01 4.715895e-01 3.131935e-01
RCUBE(6.000000e-01) -2.025730e+00 -2.787272e+00 -3.130429e+00 0.969579 -0.137323 -0.202630 0.241291 0.675433 0.696828 0.041172 -0.724523 0.688020  8.014729e-01 2.665721e-01 2.183597e-01
RCUBE(6.000000e-01) -3.763602e+00 -1.801205e-01 -4.287928e+00 0.355225 0.586805 -0.727650 0.187150 -0.807302 -0.559676 -0.915855 0.062631 -0.396594  6.502720e-01 4.224495e-01 1.781095e-01
RCUBE(6.000000e-01) 1.568422e+00 1.600593e+00 1.592044e+00 -0.819347 -0.407587 0.403167 0.573297 -0.581107 0.577620 -0.001147 0.704406 0.709797  5.115720e-01 3.540337e-01 3.601357e-01
RCUBE(6.000000e-01) -1.965171e+00 6.930462e+00 2.646294e+00 -0.619193 0.116225 -0.776590 0.750325 0.379197 -0.541500 0.231545 -0.917988 -0.322002  2.878054e-01 6.564628e-01 3.570564e-01
RCUBE(6.000000e-01) 2.927378e+00 6.675326e+00 2.424663e+00 0.740842 -0.090698 -0.665528 0.554010 -0.477715 0.681807 -0.379771 -0.873821 -0.303663  3.599672e-01 5.892552e-01 2.997379e-01
RCUBE(6.000000e-01) -3.951250e+00 2.041389e+00 1.026186e+00 -0.216602 0.773985 -0.595005 -0.923597 0.035011 0.381763 0.316311 0.632235 0.707266  6.765958e-01 3.754125e-01 1.789924e-01
RCUBE(6.000000e-01) 3.640247e+00 -2.981558e+00 -4.715457e+00 -0.013220 -0.873569 0.486521 -0.594099 0.398231 0.698898 -0.804284 -0.279802 -0.524251  4.475655e-01 5.773133e-01 1.967798e-01
RCUBE(6.000000e-01) 3.064407e+00 -7.689562e-01 -4.682358e+00 -0.003941 -0.942528 0.334103 -0.687936 -0.239928 -0.684966 0.725761 -0.232541 -0.647454  3.002502e-01 7.265830e-01 1.770286e-01
RCUBE(6.000000e-01) -4.563204e+00 4.740142e+00 -1.150539e+00 -0.663219 0.729107 -0.168948 0.462594 0.576803 0.673280 0.588342 0.368378 -0.719827  3.182298e-01 3.964457e-01 3.860099e-01
RCUBE(6.000000e-01) -2.029956e-01 -1.779207e+00 -6.421837e+00 0.027234 0.303657 0.952392 -0.999072 0.040070 0.015793 -0.033367 -0.951938 0.304466  6.174373e-01 3.428052e-01 3.547086e-01
RCUBE(6.000000e-01) -1.356105e+00 -9.847286e-01 4.361710e+00 -0.701526 0.706930 -0.090062 0.579443 0.639399 0.505386 0.414858 0.302356 -0.858180  3.262337e-01 3.493520e-01 5.684228e-01
RCUBE(6.000000e-01) -3.509346e+00 -5.841421e+00 -3.515896e+00 0.420943 0.766978 0.484306 -0.119349 0.576102 -0.808618 -0.899201 0.282581 0.334045  6.067022e-01 3.068997e-01 4.123517e-01
RCUBE(6.000000e-01) 5.400763e+00 -2.157155e+00 3.281491e+00 0.590607 0.620489 -0.515924 -0.789592 0.312426 -0.528142 -0.166518 0.719294 0.674454  4.711533e-01 3.826718e-01 3.147474e-01
RCUBE(6.000000e-01) -5.354941e+00 6.775862e-02 -1.902110e+00 -0.266374 -0.643708 0.717416 -0.374692 0.754921 0.538238 -0.888060 -0.125437 -0.442283  6.082172e-01 3.588003e-01 2.747049e-01
RCUBE(6.000000e-01) -5.056162e+00 1.078128e+00 5.682711e+00 -0.654728 0.131508 0.744337 -0.670494 -0.555667 -0.491601 0.348954 -0.820939 0.451986  3.069870e-01 5.068955e-01 3.855998e-01
RCUBE(6.000000e-01) -1.623164e+00 -5.140724e+00 5.454314e+00 -0.167420 -0.656860 0.735191 -0.824342 -0.315765 -0.469844 0.540770 -0.684709 -0.488612  5.113283e-01 3.093625e-01 3.681253e-01
RCUBE(6.000000e-01) -1.535711e+00 3.013269e+00 3.255744e+00 0.802737 0.322268 -0.501753 -0.560233 0.695857 -0.449358 0.204335 0.641815 0.739135  4.779136e-01 3.017793e-01 3.765670e-01
RCUBE(6.000000e-01) -8.139702e-01 7.839898e-01 3.502410e+00 0.600636 -0.668564 0.438473 0.747013 0.664739 -0.009720 -0.284972 0.333383 0.898692  3.642494e-01 2.765623e-01 6.340829e-01
RCUBE(6.000000e-01) 2.891260e+00 -1.022788e+00 3.530268e+00 -0.729098 -0.012965 -0.684287 0.524032 0.632543 -0.570333 0.440235 -0.774416 -0.454392  3.913536e-01 4.512572e-01 3.421173e-01
RCUBE(6.000000e-01) 2.332643e+00 -4.047658e+00 3.357559e+00 -0.265508 -0.633556 -0.726713 0.799111 -0.566316 0.201761 -0.539377 -0.527156 0.656643  4.838932e-01 2.516797e-01 3.900844e-01
RCUBE(6.000000e-01) -9.705416e-01 -5.356405e+00 1.611213e+00 0.387026 0.147791 0.910148 0.283967 0.919993 -0.270142 -0.877253 0.363004 0.314094  4.020583e-01 5.409258e-01 5.114229e-01
RCUBE(6.000000e-01) 6.774852e+00 -2.339143e+00 2.743556e+00 0.865211 -0.332200 0.375569 -0.495386 -0.682087 0.537913 0.077476 -0.651460 -0.754716  5.733053e-01 2.883362e-01 3.829619e-01
RCUBE(6.000000e-01) -3.270344e+00 5.874303e+00 -3.723810e+00 0.478040 0.643162 0.598181 0.427206 -0.765309 0.481453 0.767446 0.025393 -0.640611  4.382124e-01 4.352200e-01 2.972222e-01
RCUBE(6.000000e-01) 2.225565e+00 -3.048318e-01 4.017024e+00 0.722257 0.636802 -0.269869 -0.349052 -0.001240 -0.937103 -0.597083 0.771027 0.221381  2.024481e-01 3.536681e-01 7.049379e-01
RCUBE(6.000000e-01) -3.202505e-01 -4.923065e-01 -7.646402e+00 0.071841 0.093018 0.993069 0.970961 0.221267 -0.090967 -0.228195 0.970767 -0.074421  4.086311e-01 4.066558e-01 5.440698e-01
RCUBE(6.000000e-01) 7.671381e+00 -4.277999e-01 1.771082e-01 0.056730 0.781790 -0.620956 -0.017652 -0.621075 -0.783552 -0.998233 0.055412 -0.021434  8.966868e-01 1.828949e-01 2.196033e-01
RCUBE(6.000000e-01) 2.518151e+00 -4.869652e+00 -1.403049e+00 0.945768 0.176371 -0.272794 0.242420 -0.942195 0.231302 -0.216230 -0.284889 -0.933854  5.106338e-01 4.966967e-01 4.622837e-01
RCUBE(6.000000e-01) -4.542892e+00 -3.095180e-01 4.890229e+00 -0.517373 0.730015 -0.446545 0.511098 0.682118 0.522966 0.686370 0.042341 -0.726019  3.472916e-01 3.979732e-01 3.932290e-01
RCUBE(6.000000e-01) 6.790997e-01 6.481676e-01 1.331250e+00 -0.740208 -0.490366 0.460036 0.456334 -0.868869 -0.191901 0.493812 0.067883 0.866915  1.880221e-01 5.410045e-01 5.368744e-01
RCUBE(6.000000e-01) 5.392291e+00 5.428262e+00 -6.935076e-01 0.481239 -0.374861 0.792394 -0.708040 -0.699162 0.099254 0.516806 -0.608812 -0.601880  3.578226e-01 3.585369e-01 4.742120e-01
RCUBE(6.000000e-01) 4.323958e+00 -4.530391e-01 3.661073e+00 -0.516960 -0.625161 0.584744 -0.759150 0.019190 -0.650633 0.395529 -0.780260 -0.484512  4.272828e-01 4.566392e-01 3.039948e-01
RCUBE(6.000000e-01) 4.686237e+00 5.787260e+00 1.642991e+00 -0.421301 0.461259 -0.780862 0.627740 -0.473106 -0.618153 -0.654559 -0.750607 -0.090231  3.118064e-01 4.107978e-01 4.545607e-01
RCUBE(6.000000e-01) -4.382921e+00 -3.784553e+00 3.178775e+00 0.777954 -0.503275 -0.376168 0.501668 0.137057 0.854134 -0.378308 -0.853188 0.359101  3.286038e-01 5.041479e-01 5.061665e-01
RCUBE(6.000000e-01) -2.517389e+00 -1.669766e-01 7.054694e-01 0.406194 0.578978 0.706958 0.193968 -0.810658 0.552458 0.892963 -0.087278 -0.441588  6.092431e-01 4.473429e-01 1.562695e-01
RCUBE(6.000000e-01) 1.094180e+00 2.246179e+00 9.717731e-01 0.564815 -0.579088 0.587912 -0.814073 -0.274308 0.511899 -0.135165 -0.767732 -0.626353  5.021286e-01 4.342826e-01 2.605747e-01
RCUBE(6.000000e-01) -1.399409e+00 4.163917e+00 -1.419051e+00 0.464655 0.294614 0.835044 -0.746763 -0.376402 0.548331 0.475859 -0.878364 0.045110  2.574367e-01 5.662453e-01 4.764751e-01
RCUBE(6.000000e-01) 1.410560e-01 -8.196808e-01 -4.593523e+00 0.043181 0.888691 -0.456469 0.148199 0.446143 0.882606 0.988014 -0.105760 -0.112438  7.200085e-01 3.612851e-01 3.173352e-01
RCUBE(6.000000e-01) 3.482814e+00 -3.891758e+00 5.636380e+00 0.853605 0.485933 -0.187690 0.449811 -0.505851 0.736061 0.262733 -0.712730 -0.650375  5.528437e-01 3.029129e-01 3.487021e-01
RCUBE(6.000000e-01) -2.197426e+00 2.937785e+00 2.578970e-01 -0.797769 -0.323860 0.508606 0.422346 -0.902151 0.088013 0.430336 0.285022 0.856489  3.121140e-01 5.841467e-01 4.760431e-01
RCUBE(6.000000e-01) -2.798456e+00 3.888334e+00 -2.964957e+00 -0.868742 -0.128505 0.478303 -0.275973 -0.676321 -0.682956 0.411250 -0.725312 0.552084  5.820020e-01 3.393293e-01 2.540650e-01
RCUBE(6.000000e-01) 7.456735e-01 3.430374e+00 1.038933e+00 -0.019804 -0.858308 -0.512753 0.828821 0.272731 -0.488542 0.559163 -0.434655 0.705983  4.884478e-01 5.444564e-01 1.986720e-01
RCUBE(6.000000e-01) -5.339646e+00 -4.193132e-01 1.778213e+00 -0.168375 -0.734132 -0.657799 0.245701 -0.677521 0.693251 -0.954610 -0.044896 0.294454  7.565893e-01 2.996351e-01 1.702895e-01
RCUBE(6.000000e-01) 6.143848e+00 -2.238301e+00 -1.304531e+00 -0.916655 0.347903 0.196743 0.356573 0.489477 0.795781 0.180553 0.799610 -0.572734  6.354009e-01 3.646554e-01 3.542348e-01
RCUBE(6.000000e-01) 9.874722e-01 -3.017748e+00 -2.562155e+00 -0.227297 -0.357601 -0.905791 -0.972956 0.122687 0.195715 0.041141 0.925781 -0.375816  6.271394e-01 4.548720e-01 3.438918e-01
RCUBE(6.000000e-01) -6.446443e+00 -1.433135e+00 -9.297639e-01 -0.266256 0.729437 0.630103 -0.962612 -0.167405 -0.212965 -0.049862 -0.663248 0.746737  7.743426e-01 2.228991e-01 2.833868e-01
RCUBE(6.000000e-01) -2.057752e+00 3.561181e+00 2.294380e+00 -0.296628 0.945736 0.132647 0.797978 0.321761 -0.509608 -0.524636 -0.045315 -0.850120  2.235125e-01 6.803252e-01 4.342468e-01
RCUBE(6.000000e-01) -3.135165e+00 3.543623e-01 -1.846864e+00 0.889846 0.058090 0.452549 -0.312355 -0.645430 0.697033 0.332579 -0.761608 -0.556188  6.133598e-01 3.775610e-01 2.290700e-01
RCUBE(6.000000e-01) -1.111064e-01 -1.499923e+00 -7.534402e+00 -0.229159 0.954866 -0.188987 0.973113 0.220112 -0.067835 -0.023175 -0.199451 -0.979634  4.957440e-01 3.636924e-01 5.270822e-01
RCUBE(6.000000e-01) -1.958066e+00 1.218152e+00 -7.325342e+00 -0.237401 0.169217 -0.956560 -0.266380 0.935624 0.231625 0.934175 0.309797 -0.177042  4.562814e-01 4.627045e-01 5.457245e-01
RCUBE(6.000000e-01) -2.104435e+00 6.019062e+00 1.919054e+00 -0.589028 0.067035 -0.805328 0.249501 -0.932781 -0.260133 -0.768632 -0.354156 0.532709  2.727662e-01 6.767328e-01 3.836764e-01
RCUBE(6.000000e-01) -1.362740e+00 3.806984e+00 3.956131e+00 -0.824197 -0.307298 0.475675 -0.561333 0.554355 -0.614489 -0.074862 -0.773472 -0.629394  5.143612e-01 4.365121e-01 2.674001e-01
RCUBE(6.000000e-01) 2.360739e-01 -6.197926e+00 2.471013e+00 -0.893073 0.179370 0.412611 -0.023345 -0.934331 0.355642 0.449306 0.307981 0.838613  4.959528e-01 6.110870e-01 2.959072e-01
RCUBE(6.000000e-01) 3.983800e+00 -1.913113e-01 5.347201e+00 0.435492 -0.823290 -0.364060 0.643386 0.567524 -0.513781 0.629603 -0.010483 0.776846  2.751934e-01 5.097317e-01 4.359748e-01
RCUBE(6.000000e-01) 1.577219e+00 2.526482e+00 4.848540e+00 0.787349 0.570938 -0.232619 0.600978 -0.626631 0.496144 0.137501 -0.530437 -0.836499  4.513695e-01 1.787108e-01 5.302492e-01
RCUBE(6.000000e-01) -5.056594e+00 5.766925e+00 3.485503e-01 0.450598 0.431399 -0.781573 -0.641954 0.764969 0.052130 0.620368 0.478244 0.621632  2.976009e-01 4.306196e-01 4.547978e-01
RCUBE(6.000000e-01) 1.686477e+00 2.182922e+00 2.441680e+00 -0.842955 -0.383792 0.377002 0.044711 0.648366 0.760014 -0.536123 0.657514 -0.529384  5.397864e-01 2.908918e-01 4.047723e-01
RCUBE(6.000000e-01) -8.014551e-01 -4.148117e+00 -1.946981e+00 -0.230825 -0.848550 -0.476113 0.956102 -0.107019 -0.272794 0.180526 -0.518180 0.836002  6.885412e-01 3.842780e-01 3.366645e-01
RCUBE(6.000000e-01) 3.706073e+00 -4.084405e+00 1.281590e+00 -0.746048 0.660131 -0.087400 -0.315865 -0.466372 -0.826273 -0.586209 -0.588833 0.556448  4.038504e-01 2.967389e-01 5.205681e-01
RCUBE(6.000000e-01) -3.312338e+00 -1.919086e+00 5.460303e+00 0.738822 -0.653369 0.165077 -0.478420 -0.681048 -0.554336 0.474611 0.330580 -0.815758  3.766412e-01 3.073625e-01 4.987211e-01
RCUBE(6.000000e-01) -1.889577e+00 -1.215255e+00 -2.768225e+00 0.124305 0.664094 -0.737243 -0.154427 0.746900 0.646756 0.980153 0.033455 0.195397  8.328657e-01 2.518554e-01 2.050974e-01
RCUBE(6.000000e-01) 3.776911e+00 -1.410417e-01 3.212329e-02 -0.414202 0.635556 0.651540 0.357865 0.771899 -0.525457 -0.836881 0.015518 -0.547165  5.297881e-01 4.243333e-01 2.036730e-01
RCUBE(6.000000e-01) -2.076550e+00 6.174677e+00 -4.057889e+00 -0.246988 0.795802 -0.552898 -0.839802 -0.460457 -0.287597 -0.483456 0.393291 0.782044  5.018053e-01 4.144938e-01 3.857295e-01
RCUBE(6.000000e-01) -7.797813e-01 3.589476e+00 6.180690e-01 -0.810812 -0.296314 0.504759 -0.378688 0.923141 -0.066379 -0.446294 -0.244967 -0.860705  3.054054e-01 6.191198e-01 4.617174e-01
RCUBE(6.000000e-01) 2.163089e+00 6.661834e+00 3.138997e+00 0.549399 -0.481300 0.683016 -0.791047 -0.036360 0.610674 -0.269083 -0.875801 -0.400707  4.321510e-01 5.862418e-01 2.329784e-01
RCUBE(6.000000e-01) 5.088765e+00 1.385291e+00 -5.574300e+00 0.315984 -0.944629 0.088485 -0.669985 -0.288200 -0.684149 0.671769 0.156897 -0.723954  2.044008e-01 7.323067e-01 3.056912e-01
RCUBE(6.000000e-01) -3.306110e+00 5.679332e+00 -1.056253e+00 -0.521807 -0.453069 -0.722804 -0.558089 0.822129 -0.112432 0.645178 0.344721 -0.681846  2.273414e-01 5.128756e-01 3.629696e-01
RCUBE(6.000000e-01) -2.431987e+00 -4.170494e+00 -4.589816e+00 -0.003546 0.689979 -0.723821 0.307900 0.689414 0.655672 0.951412 -0.220539 -0.214889  7.488353e-01 2.561785e-01 2.874332e-01
RCUBE(6.000000e-01) -4.325026e+00 -1.449831e+00 -1.237344e+00 -0.390515 0.726790 0.565043 0.285498 0.679130 -0.676220 -0.875208 -0.102755 -0.472708  5.932797e-01 3.415442e-01 2.372651e-01
RCUBE(6.000000e-01) -5.078647e+00 5.649266e+00 -1.162124e+00 0.658102 -0.736612 0.155902 -0.555512 -0.335255 0.760927 -0.508241 -0.587373 -0.629829  3.062310e-01 4.052021e-01 4.351555e-01
RCUBE(6.000000e-01) -6.946213e+00 1.069873e+00 -3.097942e+00 0.908966 -0.132428 0.395277 -0.381768 -0.645279 0.661716 0.167434 -0.752381 -0.637094  6.538251e-01 3.706982e-01 2.091119e-01
RCUBE(6.000000e-01) -1.505061e+00 2.392402e+00 6.042025e+00 0.448455 -0.781198 0.434302 0.193604 -0.389466 -0.900463 0.872586 0.487900 -0.023415  5.154284e-01 2.360278e-01 5.810541e-01
RCUBE(6.000000e-01) -1.960395e+00 -1.727119e+00 -2.222209e-01 0.803837 -0.530722 -0.268664 0.573973 0.573404 0.584604 -0.156209 -0.624132 0.765544  4.887577e-01 2.590355e-01 4.343448e-01
RCUBE(6.000000e-01) 1.963890e+00 -7.068140e+00 -2.290237e+00 -0.253225 0.919350 0.301119 -0.215019 0.249991 -0.944072 -0.943209 -0.303809 0.134374  5.199076e-01 4.223673e-01 5.230623e-01
RCUBE(6.000000e-01) -1.247647e+00 -7.554897e-04 -6.554519e+00 -0.163791 0.023140 -0.986224 0.984865 0.061276 -0.162128 0.056680 -0.997853 -0.032826  3.791719e-01 5.001074e-01 4.048554e-01
RCUBE(6.000000e-01) -6.273001e-01 -4.430738e+00 1.389918e+00 -0.857904 0.391330 0.332958 0.309546 0.910863 -0.272966 -0.410099 -0.131113 -0.902568  3.783314e-01 5.420194e-01 5.187247e-01
RCUBE(6.000000e-01) 4.896892e+00 3.186248e+00 3.142218e+00 0.174854 0.855335 -0.487676 0.598112 -0.485717 -0.637449 -0.782105 -0.180224 -0.596516  4.376888e-01 5.590762e-01 2.051196e-01
RCUBE(6.000000e-01) -2.047475e+00 -1.766844e+00 7.193297e+00 -0.752490 -0.555930 -0.353130 -0.603026 0.797156 0.030038 0.264800 0.235550 -0.935092  2.408890e-01 3.791755e-01 6.885734e-01
RCUBE(6.000000e-01) -2.223046e+00 7.260585e+00 -1.118384e+00 -0.316485 0.938826 -0.135807 0.557828 0.299989 0.773844 0.767245 0.169153 -0.618645  3.023199e-01 6.993649e-01 3.219455e-01
RCUBE(6.000000e-01) 8.315689e-02 3.782482e+00 -6.686070e+00 0.409247 -0.798739 -0.441058 -0.005864 -0.485684 0.874115 -0.912405 -0.355143 -0.203449  5.962053e-01 2.631784e-01 5.018187e-01
RCUBE(6.000000e-01) 1.998564e+00 -4.627815e+00 2.487243e+00 0.670876 -0.741534 0.007290 -0.596056 -0.533361 0.600203 -0.441182 -0.407007 -0.799815  3.230999e-01 4.009135e-01 4.833072e-01
RCUBE(6.000000e-01) 4.366653e-01 -2.472367e-03 6.646156e+00 0.114729 0.007526 0.993368 0.552519 -0.831514 -0.057513 0.825566 0.555453 -0.099557  2.340811e-01 2.933649e-01 8.181560e-01
RCUBE(6.000000e-01) -4.625913e-01 -5.547370e-01 6.631114e+00 0.015312 0.063093 -0.997890 0.580869 -0.812888 -0.042483 -0.813853 -0.578993 -0.049095  2.427342e-01 2.283370e-01 8.574101e-01
RCUBE(6.000000e-01) -7.087230e+00 -1.903322e-01 -2.888200e+00 -0.891531 -0.110791 -0.439202 -0.363076 0.754540 0.546667 0.270830 0.646834 -0.712921  6.152432e-01 3.587264e-01 2.641526e-01
RCUBE(6.000000e-01) -1.653915e+00 -1.799822e+00 9.678888e-01 -0.519748 -0.259960 -0.813807 0.784822 -0.521622 -0.334611 -0.337514 -0.812608 0.475134  3.949027e-01 4.509230e-01 4.532806e-01
RCUBE(6.000000e-01) 8.016323e-01 6.065103e-01 -6.605137e+00 0.992696 0.028235 0.117289 -0.042290 0.991979 0.119122 -0.112985 -0.123212 0.985928  4.607874e-01 4.552116e-01 3.859285e-01
RCUBE(6.000000e-01) -4.005529e-01 -3.646501e+00 -5.515359e+00 0.977167 -0.169309 -0.128372 0.200034 0.529385 0.824462 -0.071631 -0.831316 0.551165  7.618614e-01 3.293721e-01 2.956472e-01
RCUBE(6.000000e-01) 2.135113e+00 4.370498e+00 5.948140e+00 0.275879 0.568380 0.775135 -0.411184 0.798704 -0.439317 -0.868803 -0.197524 0.454054  5.517858e-01 4.082063e-01 3.551350e-01
RCUBE(6.000000e-01) 3.191691e+00 3.896055e+00 -5.800123e+00 0.417935 0.505985 -0.754526 -0.524137 0.812669 0.254655 0.742032 0.289046 0.604848  3.570204e-01 4.812867e-01 3.800177e-01
RCUBE(6.000000e-01) 1.076450e-01 -2.090029e+00 -2.828949e+00 -0.009434 -0.872435 0.488639 -0.983369 0.096727 0.153715 -0.181371 -0.479062 -0.858839  7.356885e-01 3.704384e-01 2.815013e-01
RCUBE(6.000000e-01) 4.248762e-01 5.515233e+00 3.731911e+00 -0.454088 0.566306 -0.687824 0.069256 0.792105 0.606443 0.888261 0.227742 -0.398905  6.074244e-01 4.277172e-01 2.174741e-01
RCUBE(6.000000e-01) -9.738961e-01 7.602829e+00 5.080323e-01 -0.132713 0.988321 0.074886 0.782656 0.150854 -0.603897 -0.608142 -0.021535 -0.793536  1.998767e-01 8.395292e-01 2.815837e-01
RCUBE(6.000000e-01) 3.587123e+00 5.412643e+00 4.085651e+00 -0.448007 0.726497 -0.521048 -0.748529 0.013882 0.662957 0.488870 0.687029 0.537585  4.197647e-01 3.924119e-01 3.226537e-01
RCUBE(6.000000e-01) 3.632189e+00 -1.486075e+00 5.378280e+00 -0.619021 0.047284 -0.783950 0.668427 0.555781 -0.494280 0.412333 -0.829983 -0.375646  2.652044e-01 5.154284e-01 4.389833e-01
RCUBE(6.000000e-01) 3.865352e+00 6.165239e-01 -4.111747e+00 0.696551 -0.062316 -0.714796 0.088787 -0.981079 0.172051 -0.711992 -0.183307 -0.677839  2.192865e-01 8.434135e-01 2.113524e-01
RCUBE(6.000000e-01) 7.339786e+00 2.201977e+00 6.041384e-01 -0.954585 -0.287140 -0.079490 -0.261624 0.680198 0.684750 -0.142550 0.674449 -0.724430  7.576192e-01 1.972617e-01 2.929575e-01
RCUBE(6.000000e-01) -5.357958e+00 1.919058e+00 5.148476e+00 0.251692 -0.796709 0.549460 -0.721296 0.224114 0.655367 -0.645278 -0.561273 -0.518255  3.844034e-01 4.804833e-01 2.833955e-01
RCUBE(6.000000e-01) 4.584912e+00 -5.320934e+00 -3.114533e+00 -0.807594 -0.471937 -0.353647 -0.054375 -0.537526 0.841492 -0.587226 0.698814 0.408441  4.627208e-01 2.351147e-01 5.235212e-01
RCUBE(6.000000e-01) 4.797956e+00 -2.169551e+00 5.581044e+00 0.343447 -0.763951 -0.546281 -0.713007 -0.590682 0.377777 -0.611282 0.259755 -0.747571  3.370936e-01 4.194616e-01 3.936244e-01
RCUBE(6.000000e-01) -2.887452e+00 -5.971308e+00 3.863952e+00 -0.712531 0.587479 0.383626 -0.358298 -0.774748 0.520950 0.603260 0.233740 0.762524  3.270693e-01 4.313123e-01 4.115780e-01
RCUBE(6.000000e-01) -3.473388e+00 -3.809013e+00 2.359944e+00 -0.828666 0.488668 0.272976 -0.279592 0.061125 -0.958171 -0.484913 -0.870326 0.085976  2.281691e-01 4.368107e-01 6.860574e-01
RCUBE(6.000000e-01) -2.445527e+00 -2.275350e+00 3.253492e+00 -0.195712 -0.553347 0.809632 -0.806382 0.560636 0.188243 -0.558073 -0.616031 -0.555933  4.844373e-01 1.898861e-01 4.895324e-01
RCUBE(6.000000e-01) 3.576080e+00 6.289558e-01 7.189082e-01 0.807936 -0.119556 0.577014 0.346610 -0.695476 -0.629424 0.476551 0.708533 -0.520461  4.944793e-01 3.524315e-01 2.343566e-01
RCUBE(6.000000e-01) 4.390734e+00 -3.497050e+00 8.180575e-01 0.574618 0.599361 -0.557297 0.335157 0.448894 0.828350 0.746648 -0.662767 0.057063  4.025273e-01 3.020255e-01 5.231366e-01
RCUBE(6.000000e-01) -2.207279e+00 -6.570595e+00 3.299812e+00 -0.533139 -0.193533 -0.823594 -0.307360 -0.862661 0.401678 -0.788221 0.467290 0.400434  3.645002e-01 5.284614e-01 4.456248e-01
RCUBE(6.000000e-01) 1.828335e+00 2.785023e+00 3.240905e+00 0.856697 0.356592 -0.372709 0.057256 0.652352 0.755750 0.512632 -0.668789 0.538451  5.607464e-01 2.911335e-01 3.916484e-01
RCUBE(6.000000e-01) 5.548834e+00 2.674897e+00 2.539772e+00 -0.840869 -0.385856 -0.379544 0.062537 -0.765821 0.640006 -0.537613 0.514426 0.668086  5.346702e-01 4.106172e-01 2.841527e-01
RCUBE(6.000000e-01) 2.190986e+00 3.939028e+00 -4.921709e+00 -0.481053 0.769288 0.420457 0.816035 0.217622 0.535470 0.320431 0.600697 -0.732453  4.851927e-01 4.035705e-01 3.347713e-01
RCUBE(6.000000e-01) 3.321942e+00 3.400438e+00 -4.655052e+00 -0.529303 0.784801 0.322374 -0.732984 -0.231628 -0.639596 -0.427285 -0.574835 0.697848  3.725783e-01 4.533373e-01 3.142560e-01
RCUBE(6.000000e-01) 6.742114e+00 3.653343e+00 4.269230e-01 0.245740 -0.558052 0.792584 0.884793 0.463103 0.051738 -0.395921 0.688559 0.607564  6.009761e-01 1.677140e-01 4.294334e-01
RCUBE(6.000000e-01) -4.372862e+00 -5.012154e+00 -5.705930e-01 -0.193966 0.260838 -0.945696 -0.608663 -0.788018 -0.092509 -0.769355 0.557666 0.311611  2.809757e-01 3.406127e-01 7.118293e-01
RCUBE(6.000000e-01) 4.132143e+00 2.247277e+00 -3.259065e-01 -0.591705 0.246945 -0.767401 0.479585 -0.657327 -0.581308 -0.647984 -0.711997 0.270513  2.789090e-01 3.767778e-01 4.420434e-01
RCUBE(6.000000e-01) -6.069800e+00 4.553858e+00 -9.667649e-01 -0.437605 -0.428740 0.790370 0.510854 0.604811 0.610927 -0.739953 0.671108 -0.045645  3.989873e-01 3.267721e-01 4.700792e-01
RCUBE(6.000000e-01) -3.724365e+00 -1.901846e+00 2.256248e+00 -0.475427 0.730608 -0.490082 -0.522128 -0.682676 -0.511211 -0.708062 0.012842 0.706034  3.723674e-01 3.987262e-01 3.697269e-01
RCUBE(6.000000e-01) -5.083059e+00 4.580879e+00 3.498468e+00 -0.740454 -0.423148 -0.522181 -0.662209 0.592159 0.459159 0.114922 0.685779 -0.718679  4.080079e-01 3.478831e-01 3.797716e-01
RCUBE(6.000000e-01) -6.479188e+00 4.124615e+00 -1.199296e-01 -0.344960 -0.495124 0.797405 -0.838070 0.545029 -0.024133 -0.422660 -0.676606 -0.602961  5.243715e-01 2.064078e-01 4.544477e-01
RCUBE(6.000000e-01) -3.962158e+00 3.993376e+00 -3.558320e+00 0.698382 -0.546515 0.462151 -0.215875 -0.776483 -0.592007 0.682394 0.313680 -0.660261  3.433735e-01 4.505259e-01 2.794991e-01
RCUBE(6.000000e-01) 6.726084e+00 -3.564603e+00 1.050724e+00 0.444004 0.665884 -0.599549 -0.186916 -0.585568 -0.788779 -0.876312 0.462286 -0.135530  5.898986e-01 1.803530e-01 4.340873e-01
RCUBE(6.000000e-01) 1.996991e+00 -6.352069e+00 3.834389e+00 0.459005 0.556581 0.692482 -0.850893 0.051223 0.522836 0.255530 -0.829213 0.497103  5.352958e-01 4.951553e-01 1.738204e-01
RCUBE(6.000000e-01) -2.539484e+00 7.248050e-02 -7.238456e+00 0.283875 -0.019250 0.958668 0.939223 0.206892 -0.273963 -0.193067 0.978174 0.076811  3.507345e-01 5.673936e-01 4.833933e-01
RCUBE(6.000000e-01) 6.977389e+00 -2.321336e+00 -2.228440e+00 0.053838 0.762170 -0.645134 -0.411747 -0.571644 -0.709710 -0.909707 0.303841 0.283045  6.492908e-01 3.628762e-01 2.574660e-01
RCUBE(6.000000e-01) 5.459619e-01 2.920268e+00 -7.087538e+00 -0.070635 -0.385141 0.920150 0.933215 0.300287 0.197327 -0.352308 0.872636 0.338209  5.656519e-01 3.484967e-01 5.255985e-01
RCUBE(6.000000e-01) 1.450225e+00 3.041106e+00 -4.549471e+00 -0.366540 0.786887 0.496445 -0.147855 -0.576064 0.803921 0.918579 0.221267 0.327495  6.408603e-01 3.312701e-01 3.780974e-01
RCUBE(6.000000e-01) -4.431389e+00 -1.825436e+00 2.994198e+00 0.747556 0.036716 -0.663183 -0.459649 0.749357 -0.476641 0.479461 0.661147 0.577063  4.157995e-01 4.181788e-01 3.224767e-01
RCUBE(6.000000e-01) 1.319392e+00 3.847142e+00 6.492628e+00 0.883991 0.365106 -0.291991 0.092789 0.475124 0.875013 0.458204 -0.800597 0.386127  5.395861e-01 3.181458e-01 5.183680e-01
RCUBE(6.000000e-01) 2.934567e+00 5.697457e+00 1.858804e+00 0.513325 -0.461720 0.723403 0.405236 0.873452 0.269935 -0.756492 0.154584 0.635471  3.653617e-01 5.812545e-01 2.947026e-01
RCUBE(6.000000e-01) 3.149901e+00 3.455441e+00 -4.852617e-01 0.477581 -0.642690 -0.599054 -0.622954 -0.728515 0.284946 -0.619552 0.237099 -0.748291  2.652989e-01 3.962796e-01 4.194431e-01
RCUBE(6.000000e-01) -7.301508e-01 4.902366e+00 -4.467805e+00 0.102718 -0.728177 0.677648 -0.534457 0.534160 0.655003 -0.838931 -0.429454 -0.334312  5.366860e-01 3.630428e-01 3.254429e-01
RCUBE(6.000000e-01) -1.674609e-01 6.227875e+00 -2.248735e+00 -0.655140 -0.163310 0.737646 -0.700584 -0.234144 -0.674061 0.282796 -0.958388 0.038985  1.634373e-01 7.662838e-01 2.970099e-01
RCUBE(6.000000e-01) 6.826308e-01 2.625036e+00 -6.106515e+00 -0.434783 0.839364 0.326239 0.067685 0.391706 -0.917597 -0.897988 -0.376874 -0.227119  5.181193e-01 3.262343e-01 5.715936e-01
RCUBE(6.000000e-01) 5.014898e+00 2.016415e+00 5.457363e+00 -0.427100 -0.659223 0.618878 0.650874 0.250964 0.716506 -0.627653 0.708831 0.321885  3.007605e-01 3.723132e-01 3.804835e-01
RCUBE(6.000000e-01) -1.460701e+00 4.750463e+00 -2.678862e+00 0.374041 0.568381 0.732828 0.913845 -0.091217 -0.395685 -0.158053 0.817693 -0.553531  6.424418e-01 4.379298e-01 1.643083e-01
RCUBE(6.000000e-01) 1.337659e+00 6.560885e+00 3.771122e+00 0.178552 0.850296 0.495091 0.524501 -0.507977 0.683270 0.832477 0.137677 -0.536682  5.028937e-01 5.356606e-01 1.595931e-01
RCUBE(6.000000e-01) 1.970675e+00 -3.215528e+00 -2.884007e+00 -0.359833 -0.337503 -0.869834 0.930252 -0.201491 -0.306647 -0.071769 -0.919507 0.386466  5.618262e-01 5.292610e-01 3.476144e-01
RCUBE(6.000000e-01) 3.736758e+00 3.004353e+00 2.290776e-01 0.623431 0.732299 -0.273993 -0.610185 0.236567 -0.756115 -0.488884 0.638572 0.594321  2.567400e-01 4.005774e-01 4.291031e-01
RCUBE(6.000000e-01) 3.294913e+00 2.640533e+00 6.420899e+00 0.759528 0.369221 -0.535531 0.424789 0.341953 0.838226 0.492617 -0.864144 0.102882  2.978329e-01 5.360364e-01 4.823704e-01
RCUBE(6.000000e-01) 6.593100e+00 -9.841468e-01 3.163429e-01 -0.151068 -0.775923 0.612473 -0.034238 -0.615104 -0.787702 0.987930 -0.139967 0.066356  8.429993e-01 1.875088e-01 2.787284e-01
RCUBE(6.000000e-01) 5.395775e+00 -4.891058e+00 -2.452755e+00 0.699813 -0.641040 -0.315167 -0.310776 -0.670490 0.673693 -0.643180 -0.373512 -0.668437  3.564663e-01 3.177005e-01 3.311224e-01
RCUBE(6.000000e-01) 5.124911e+00 -1.709989e-01 4.279513e+00 0.762382 -0.026698 0.646577 0.557464 -0.480326 -0.677142 0.328646 0.876684 -0.351309  3.917008e-01 5.923907e-01 2.746431e-01
RCUBE(6.000000e-01) 7.822594e-01 5.336002e+00 1.810356e+00 -0.041569 -0.893037 -0.448058 -0.532413 0.399271 -0.746404 0.845463 0.207525 -0.492062  4.877884e-01 5.900228e-01 2.059339e-01
RCUBE(6.000000e-01) -3.159822e+00 -2.922099e+00 -3.660628e+00 0.637177 0.529003 0.560501 0.064570 0.688049 -0.722786 -0.768008 0.496734 0.404251  4.439418e-01 3.436745e-01 3.873894e-01
RCUBE(6.000000e-01) 7.193069e+00 -7.876574e-02 2.703533e+00 -0.253547 0.674770 0.693109 0.937131 -0.006276 0.348922 0.239792 0.738002 -0.630756  7.124904e-01 3.182971e-01 1.862886e-01
RCUBE(6.000000e-01) -3.098070e+00 3.399547e+00 -5.509076e-01 -0.698771 -0.448690 0.557132 -0.653594 0.717010 -0.242307 -0.290748 -0.533455 -0.794287  3.178724e-01 3.483110e-01 4.686445e-01
RCUBE(6.000000e-01) -9.609867e-01 3.536025e+00 -6.729221e+00 -0.129984 0.452450 -0.882266 -0.386723 0.796208 0.465293 0.912989 0.401674 0.071478  5.947142e-01 2.126190e-01 5.183455e-01
RCUBE(6.000000e-01) -1.324704e+00 5.347467e+00 5.346493e+00 0.144754 -0.703825 -0.695469 0.927824 0.340761 -0.151740 0.343787 -0.623307 0.702352  6.931306e-01 2.616317e-01 2.970544e-01
RCUBE(6.000000e-01) 1.633667e-03 -4.642083e+00 3.029497e-02 0.834061 -0.455690 -0.310948 -0.404645 -0.888447 0.216619 -0.374972 -0.054850 -0.925412  3.139740e-01 4.970508e-01 5.971667e-01
RCUBE(6.000000e-01) -2.456460e+00 -2.729886e+00 -2.684622e-02 0.787512 -0.533005 -0.309404 -0.523717 -0.843408 0.119929 -0.324877 0.067594 -0.943338  2.034911e-01 4.314383e-01 6.817152e-01
RCUBE(6.000000e-01) -2.761009e-01 1.952033e+00 -5.303839e+00 -0.079466 0.387462 -0.918454 -0.947926 -0.314440 -0.050635 -0.308417 0.866603 0.392273  6.053237e-01 2.615286e-01 5.138527e-01
