2000 α=0.1 
-11.000000 11.000000
-11.000000 11.000000
-11.000000 11.000000
RCUBE(1.000000e-01) -5.254287e+00 -8.194209e-01 -3.978540e-01 -0.015121 0.224134 -0.974441 0.996393 -0.078008 -0.033405 -0.083501 -0.971431 -0.222146  5.470463e-01 3.633075e-01 4.098824e-01
RCUBE(1.000000e-01) -1.247721e+00 2.230556e+00 6.592916e+00 -0.975488 0.006194 -0.219965 -0.207354 0.308780 0.928256 0.073670 0.951113 -0.299927  5.833447e-01 4.848149e-01 3.345321e-01
RCUBE(1.000000e-01) -1.256831e+00 -2.354754e+00 5.718321e+00 0.721630 -0.481418 0.497481 0.337110 -0.383286 -0.859912 0.604655 0.788244 -0.114300  2.777954e-01 4.198239e-01 5.527630e-01
RCUBE(1.000000e-01) -1.528046e-01 3.244725e+00 2.810345e+00 0.053789 -0.806588 0.588662 -0.050581 -0.590959 -0.805114 0.997270 0.013531 -0.072585  8.636802e-01 2.423590e-01 2.228552e-01
RCUBE(1.000000e-01) 5.516152e-01 -1.462347e+00 3.292202e+00 0.448666 0.706592 -0.547199 -0.250284 0.687128 0.682065 0.857937 -0.169064 0.485140  5.658650e-01 3.312744e-01 2.708171e-01
RCUBE(1.000000e-01) 2.470652e+00 -5.812958e-01 -2.260510e+00 -0.572456 0.232075 0.786407 -0.600260 -0.771978 -0.209136 0.558554 -0.591769 0.581229  2.333829e-01 4.456760e-01 4.656021e-01
RCUBE(1.000000e-01) 5.852005e+00 -2.800791e+00 2.777331e+00 -0.738550 0.484270 -0.469069 0.119451 -0.590747 -0.797966 -0.663532 -0.645368 0.378450  3.889842e-01 2.489314e-01 4.773586e-01
RCUBE(1.000000e-01) 1.393383e+00 5.944476e+00 8.194333e-01 0.700690 -0.465575 0.540624 0.480286 -0.252540 -0.839969 0.527598 0.848212 0.046657  1.808406e-01 5.263003e-01 5.107378e-01
RCUBE(1.000000e-01) -3.377036e+00 2.565318e+00 -4.493452e+00 -0.592422 0.537510 -0.600100 0.748486 0.642758 -0.163190 0.298003 -0.545844 -0.783102  4.173541e-01 2.837012e-01 4.628409e-01
RCUBE(1.000000e-01) -1.272218e+00 5.831555e+00 -1.646031e+00 -0.178824 0.813235 -0.553778 0.940426 0.306708 0.146728 0.289173 -0.494549 -0.819635  6.740898e-01 3.448600e-01 3.653535e-01
RCUBE(1.000000e-01) -6.091953e+00 8.611378e-01 -3.488659e+00 -0.103356 0.909000 0.403778 0.865050 -0.118215 0.487559 0.490923 0.399680 -0.774112  5.009541e-01 6.040147e-01 1.804046e-01
RCUBE(1.000000e-01) -2.836530e+00 -1.911959e+00 1.275508e+00 0.426870 -0.899461 0.093557 -0.425298 -0.290981 -0.857002 0.798063 0.326038 -0.506750  3.157564e-01 5.785468e-01 4.783824e-01
RCUBE(1.000000e-01) -8.447663e-02 1.858245e-01 -1.761160e+00 -0.575338 0.623235 0.529684 -0.177529 0.537010 -0.824684 -0.798417 -0.568506 -0.198320  4.697414e-01 1.895574e-01 5.116278e-01
RCUBE(1.000000e-01) -2.780595e+00 3.148550e+00 3.182104e+00 -0.325344 0.798060 0.507199 0.549458 0.596087 -0.585471 -0.769576 0.088205 -0.632434  4.389682e-01 4.798541e-01 2.767389e-01
RCUBE(1.000000e-01) -1.038867e+00 4.443415e-01 -1.387862e+00 0.530056 -0.641831 -0.554160 -0.142900 0.576561 -0.804461 0.835835 0.505599 0.213892  5.252584e-01 2.023228e-01 4.730860e-01
RCUBE(1.000000e-01) -7.602928e-01 2.692664e+00 -4.774096e+00 -0.706404 -0.702418 -0.087196 0.565894 -0.634466 0.526514 -0.425156 0.322588 0.845683  3.379977e-01 3.489617e-01 5.491036e-01
RCUBE(1.000000e-01) -7.829192e-01 -4.857102e-01 -3.297099e+00 0.853878 0.510428 0.101758 -0.193779 0.493231 -0.848040 -0.483054 0.704405 0.520070  5.325153e-01 1.497861e-01 5.212339e-01
RCUBE(1.000000e-01) -6.595603e+00 -2.387712e+00 -8.329569e-01 -0.957935 -0.271234 -0.093770 0.170355 -0.800370 0.574793 -0.230954 0.534640 0.812909  7.252230e-01 3.000867e-01 3.462055e-01
RCUBE(1.000000e-01) -2.068865e+00 -2.715546e+00 4.129532e+00 0.262554 -0.964893 0.006871 0.689923 0.182745 -0.700436 0.674590 0.188642 0.713682  1.692358e-01 7.872326e-01 2.575079e-01
RCUBE(1.000000e-01) -4.273598e+00 -1.263859e+00 -8.012968e-01 -0.106256 -0.604606 0.789406 0.993233 -0.101961 0.055599 0.046873 0.789972 0.611349  8.608723e-01 2.407727e-01 2.361699e-01
RCUBE(1.000000e-01) -1.854731e+00 -3.320499e+00 -4.772995e+00 0.857334 0.144800 -0.493974 0.438570 -0.707889 0.553669 -0.269508 -0.691321 -0.670403  5.655617e-01 3.353001e-01 2.530203e-01
RCUBE(1.000000e-01) -3.348339e+00 -7.454752e-01 -2.267362e+00 0.240735 0.380021 -0.893102 0.720319 -0.686682 -0.098027 -0.650529 -0.619720 -0.439044  3.466130e-01 2.880234e-01 6.267168e-01
RCUBE(1.000000e-01) -3.848291e+00 3.865742e+00 -1.159007e+00 -0.184998 0.982738 0.000899 0.982204 0.184867 0.033157 0.032418 0.007017 -0.999450  3.577763e-01 3.808610e-01 5.198135e-01
RCUBE(1.000000e-01) 1.721749e+00 -2.221905e+00 -2.136063e+00 0.516130 -0.316202 0.796007 0.590599 0.804472 -0.063379 -0.620325 0.502833 0.601960  2.374900e-01 4.829227e-01 4.698376e-01
RCUBE(1.000000e-01) 4.886423e+00 3.234318e+00 2.113036e+00 0.865772 -0.359215 -0.348430 -0.482706 -0.415733 -0.770818 0.132036 0.835542 -0.533325  5.358544e-01 4.723286e-01 3.206547e-01
RCUBE(1.000000e-01) -5.776210e-01 -2.258282e+00 2.833579e+00 -0.019683 -0.795984 -0.604998 0.478617 0.523774 -0.704689 0.877803 -0.303433 0.370662  5.851783e-01 4.312527e-01 2.329844e-01
RCUBE(1.000000e-01) -3.869337e+00 -4.400807e+00 -3.939518e+00 -0.482753 -0.762558 -0.430644 0.412955 -0.631852 0.655921 -0.772281 0.138811 0.619930  4.380844e-01 4.235135e-01 2.779942e-01
RCUBE(1.000000e-01) -1.342757e+00 6.507684e+00 -2.419404e+00 -0.081567 0.330645 0.940224 0.979399 0.201439 0.014127 -0.184727 0.922007 -0.340264  6.130737e-01 3.345380e-01 4.576795e-01
RCUBE(1.000000e-01) -3.109757e+00 1.979025e+00 -4.833374e-01 0.831380 0.442772 0.335797 -0.542677 0.516819 0.662118 0.119621 -0.732701 0.669955  5.243892e-01 3.692668e-01 3.200678e-01
RCUBE(1.000000e-01) -2.667266e+00 1.461418e+00 4.317150e+00 -0.789741 -0.350969 -0.503120 -0.094601 0.880030 -0.465400 0.606102 -0.319950 -0.728198  4.111625e-01 5.856738e-01 2.702175e-01
RCUBE(1.000000e-01) 2.431017e+00 -2.882239e+00 -5.982518e+00 -0.347135 0.410992 0.842961 -0.866448 -0.484484 -0.120593 0.358838 -0.772244 0.524285  5.338040e-01 3.156157e-01 4.838737e-01
RCUBE(1.000000e-01) -4.303309e-01 -3.853620e+00 4.773455e+00 0.058933 -0.928287 -0.367166 -0.998118 -0.061042 -0.005876 -0.016958 0.366821 -0.930137  6.689900e-01 3.092227e-01 3.509784e-01
RCUBE(1.000000e-01) -1.712810e+00 -6.831759e+00 6.181311e-01 -0.522415 0.240251 0.818146 -0.812845 0.149564 -0.562950 -0.257614 -0.959119 0.117153  3.212344e-01 7.213173e-01 3.410452e-01
RCUBE(1.000000e-01) -2.616453e+00 -3.085933e+00 -3.351895e+00 -0.359728 -0.560540 -0.745917 -0.892924 0.438752 0.100912 0.270707 0.702348 -0.658350  6.202642e-01 2.516362e-01 3.501304e-01
RCUBE(1.000000e-01) -2.794157e+00 2.369444e+00 -2.306734e+00 -0.286049 -0.952840 -0.101353 0.563404 -0.081688 -0.822133 0.775082 -0.292273 0.560200  1.827573e-01 7.176825e-01 3.938741e-01
RCUBE(1.000000e-01) -2.851603e+00 5.375998e+00 -9.763336e-01 -0.770921 -0.167533 0.614502 -0.379261 0.895845 -0.231565 -0.511704 -0.411575 -0.754165  3.594482e-01 6.130673e-01 3.196926e-01
RCUBE(1.000000e-01) 4.743010e+00 -3.208874e+00 4.102049e+00 0.705144 -0.660576 0.257704 -0.700242 -0.591595 0.399595 -0.111507 -0.462227 -0.879723  3.388078e-01 2.281702e-01 6.031270e-01
RCUBE(1.000000e-01) 2.845984e+00 3.469344e+00 1.039717e+00 0.277101 -0.952554 0.125922 0.959960 0.280070 0.006163 -0.041137 0.119172 0.992021  4.268435e-01 3.449946e-01 5.861896e-01
RCUBE(1.000000e-01) 1.473974e-03 4.382908e+00 5.110519e-01 0.427869 0.505889 -0.749002 0.179007 -0.859703 -0.478401 -0.885937 0.070616 -0.458398  5.711567e-01 5.142171e-01 1.902432e-01
RCUBE(1.000000e-01) -2.763928e+00 5.502893e+00 1.531821e+00 -0.097819 0.092345 0.990911 0.140458 -0.984438 0.105607 0.985243 0.149512 0.083326  4.352450e-01 4.278121e-01 4.777292e-01
RCUBE(1.000000e-01) 1.204386e+00 -3.369877e+00 -3.933185e+00 0.294395 -0.788605 0.539846 0.257543 -0.478516 -0.839461 0.920328 0.386167 0.062227  6.315765e-01 2.881295e-01 4.396305e-01
RCUBE(1.000000e-01) 9.028592e-01 -5.108553e+00 3.507557e+00 0.036227 0.876073 0.480816 0.924100 -0.212524 0.317605 0.380430 0.432816 -0.817278  6.104287e-01 4.858651e-01 2.917452e-01
RCUBE(1.000000e-01) -5.369675e+00 1.264860e+00 -2.878020e+00 -0.140641 -0.917695 0.371559 0.711861 -0.354558 -0.606253 0.688095 0.179234 0.703136  2.985097e-01 6.712489e-01 2.609507e-01
RCUBE(1.000000e-01) -3.935343e+00 1.693954e+00 -1.064629e+00 0.002372 0.506243 0.862388 0.865392 -0.433175 0.251905 0.501090 0.745706 -0.439126  5.345691e-01 2.304566e-01 5.282515e-01
RCUBE(1.000000e-01) 2.396439e+00 5.584398e+00 -1.605626e+00 -0.762145 -0.543651 -0.351537 -0.225387 0.731834 -0.643133 0.606907 -0.410929 -0.680295  4.254537e-01 3.803849e-01 3.021889e-01
RCUBE(1.000000e-01) 3.241326e+00 1.691904e+00 3.817735e+00 0.467725 0.432396 0.770887 0.831008 -0.512237 -0.216885 0.301096 0.742056 -0.598911  5.055902e-01 3.409507e-01 3.970401e-01
RCUBE(1.000000e-01) -4.677381e+00 1.467395e+00 -3.630849e+00 0.444141 0.891438 -0.089869 -0.585534 0.364717 0.723969 0.678151 -0.268923 0.683953  2.294721e-01 6.217215e-01 3.296791e-01
RCUBE(1.000000e-01) 4.900574e+00 9.968040e-01 1.945072e+00 -0.433506 0.529938 -0.728861 -0.689580 0.325606 0.646884 0.580130 0.783036 0.224282  3.052125e-01 4.527222e-01 3.696468e-01
RCUBE(1.000000e-01) 2.819696e+00 -3.741905e+00 -7.177705e-01 -0.623495 0.182281 0.760281 0.350270 0.934514 0.063197 -0.698974 0.305707 -0.646513  1.633068e-01 7.037126e-01 3.520998e-01
RCUBE(1.000000e-01) -2.414907e+00 2.674694e+00 -9.052790e-01 -0.046805 0.493285 -0.868607 -0.841200 0.449477 0.300587 0.538694 0.744742 0.393914  4.914686e-01 2.578644e-01 5.477033e-01
RCUBE(1.000000e-01) 5.630166e+00 -1.805662e+00 -2.053841e+00 0.595288 -0.756521 -0.270753 -0.671351 -0.653435 0.349729 -0.441497 -0.026419 -0.896874  1.683745e-01 3.777523e-01 6.296711e-01
RCUBE(1.000000e-01) -2.155496e+00 -4.812177e+00 -3.119557e+00 0.619445 0.718307 0.316739 -0.675048 0.693338 -0.252177 -0.400748 -0.057604 0.914376  2.064936e-01 3.114785e-01 6.656970e-01
RCUBE(1.000000e-01) 1.433088e+00 -1.366696e+00 -2.229888e-01 -0.649694 -0.600704 -0.465889 -0.723682 0.676382 0.137083 0.232773 0.426217 -0.874160  3.622162e-01 2.824123e-01 5.943254e-01
RCUBE(1.000000e-01) 2.852490e+00 -3.170690e+00 -3.220733e+00 -0.126450 -0.555021 0.822169 0.346339 -0.801366 -0.487710 0.929548 0.223078 0.293558  6.530872e-01 3.291193e-01 3.914647e-01
RCUBE(1.000000e-01) -6.806794e+00 -6.502691e-01 -1.808679e+00 -0.209832 0.856775 0.471071 0.173574 0.506786 -0.844417 -0.962207 -0.095420 -0.255054  6.951941e-01 3.848716e-01 3.342276e-01
RCUBE(1.000000e-01) -7.037423e-01 2.309543e+00 -5.970267e-01 0.661972 -0.636333 0.396073 0.577900 0.769822 0.270933 -0.477309 0.049540 0.877338  1.545216e-01 4.073573e-01 5.943601e-01
RCUBE(1.000000e-01) 1.382700e+00 2.285685e+00 -4.345281e-01 0.901095 -0.313955 0.299099 0.157516 0.879646 0.448789 -0.404001 -0.357288 0.842098  5.475198e-01 4.915233e-01 3.833284e-01
RCUBE(1.000000e-01) 3.154618e-01 -3.112536e+00 -1.341404e+00 0.373485 0.026120 -0.927268 -0.879025 0.329309 -0.344777 0.296352 0.943861 0.145952  3.220362e-01 5.786794e-01 5.256829e-01
RCUBE(1.000000e-01) -2.359528e+00 6.475342e+00 1.585003e+00 -0.665888 -0.413966 0.620665 0.665201 0.047229 0.745169 -0.337788 0.909067 0.243921  2.642217e-01 6.542275e-01 3.583221e-01
RCUBE(1.000000e-01) -5.704406e+00 -3.951597e+00 1.302307e+00 0.012245 -0.164637 -0.986278 -0.601438 0.786769 -0.138801 0.798825 0.594885 -0.089385  2.922812e-01 2.109678e-01 8.269521e-01
RCUBE(1.000000e-01) 2.473279e-01 -2.178396e+00 6.691974e+00 0.730719 -0.629564 -0.264006 0.678653 0.711827 0.180920 0.074026 -0.311370 0.947401  2.845305e-01 2.273327e-01 7.364938e-01
RCUBE(1.000000e-01) -2.983943e+00 4.344735e+00 6.797589e-01 -0.879745 -0.276634 0.386682 0.438885 -0.785270 0.436728 0.182836 0.553918 0.812248  5.636898e-01 3.549888e-01 4.191199e-01
RCUBE(1.000000e-01) 2.024831e+00 6.739864e+00 6.902715e-01 0.443779 -0.224927 0.867449 -0.837744 0.239575 0.490703 -0.318191 -0.944464 -0.082113  3.286143e-01 6.494040e-01 4.352821e-01
RCUBE(1.000000e-01) 2.648786e+00 -3.821575e+00 -2.474831e+00 0.420593 -0.788782 -0.448246 0.165304 0.552427 -0.817006 0.892063 0.269530 0.362735  5.835751e-01 3.474068e-01 4.179131e-01
RCUBE(1.000000e-01) -5.892863e-01 -3.756497e+00 -2.286909e+00 0.889594 -0.350971 0.292303 0.329809 0.050856 -0.942677 0.315987 0.935004 0.160995  3.454643e-01 5.342441e-01 5.595600e-01
RCUBE(1.000000e-01) 2.014503e+00 -6.079615e+00 -2.978451e+00 0.149721 -0.417243 0.896377 0.959028 0.281822 -0.029004 -0.240517 0.863994 0.442342  6.499902e-01 3.106639e-01 4.557788e-01
RCUBE(1.000000e-01) 4.114556e+00 3.279331e-02 3.695580e+00 -0.301695 0.312683 -0.900671 0.897605 0.411596 -0.157775 0.321379 -0.856048 -0.404843  5.175184e-01 3.936530e-01 5.259199e-01
RCUBE(1.000000e-01) -1.634942e+00 4.960361e+00 -3.623906e+00 0.330637 -0.068411 -0.941275 -0.463736 0.856882 -0.225171 0.821966 0.510954 0.251592  3.099828e-01 4.311757e-01 6.556908e-01
RCUBE(1.000000e-01) 2.817050e+00 -3.011593e+00 1.314116e+00 -0.046484 -0.741938 -0.668855 0.802337 -0.426601 0.417453 -0.595059 -0.517242 0.615115  4.856083e-01 3.981262e-01 3.223412e-01
RCUBE(1.000000e-01) 5.304265e+00 3.600786e+00 2.985085e+00 -0.110602 -0.545600 0.830715 -0.653555 0.669632 0.352789 -0.748755 -0.503899 -0.430642  3.892437e-01 2.428733e-01 5.210196e-01
RCUBE(1.000000e-01) -5.359412e+00 1.014261e+00 1.204110e+00 0.406114 -0.875124 0.263115 -0.883529 -0.449544 -0.131476 0.233339 -0.179075 -0.955764  4.162934e-01 3.827615e-01 6.432017e-01
RCUBE(1.000000e-01) -4.063264e+00 3.068102e+00 1.563411e+00 0.586737 0.803858 0.097735 0.361451 -0.367984 0.856703 0.724633 -0.467333 -0.506465  2.723287e-01 4.437712e-01 5.432943e-01
RCUBE(1.000000e-01) 1.588061e+00 4.455246e+00 3.953268e+00 0.668718 0.258011 -0.697313 -0.678203 0.596046 -0.429849 0.304725 0.760368 0.573571  3.293155e-01 4.277696e-01 3.369359e-01
RCUBE(1.000000e-01) 3.836249e+00 4.961652e+00 3.266544e+00 0.342943 0.301412 -0.889686 -0.756386 0.650231 -0.071273 0.557019 0.697388 0.450976  3.696603e-01 2.756035e-01 6.136893e-01
RCUBE(1.000000e-01) -7.162536e-01 -3.346652e+00 -1.332826e+00 0.216714 -0.377060 0.900478 -0.270989 0.862914 0.426549 -0.937870 -0.336458 0.084827  5.982090e-01 3.503711e-01 4.874403e-01
RCUBE(1.000000e-01) 8.542038e-01 -5.995770e+00 -9.461106e-01 0.315044 -0.144094 0.938075 0.925495 0.265609 -0.270020 -0.210252 0.953252 0.217037  4.329200e-01 5.446637e-01 4.872246e-01
RCUBE(1.000000e-01) 1.129868e+00 -8.551951e-01 -5.223526e+00 0.222491 -0.379876 0.897882 0.151288 0.923263 0.353126 -0.963125 0.057271 0.262888  6.118539e-01 4.735832e-01 3.521302e-01
RCUBE(1.000000e-01) -5.896252e+00 -2.219699e+00 3.201784e+00 0.525329 -0.024042 0.850560 0.819874 0.281765 -0.498412 -0.227675 0.959182 0.167730  2.758918e-01 7.035538e-01 4.031718e-01
RCUBE(1.000000e-01) 1.583962e+00 -2.098287e+00 5.198599e-01 -0.199808 -0.439364 0.875806 0.743342 -0.650310 -0.156653 0.638373 0.619723 0.456535  3.831469e-01 2.507397e-01 5.964342e-01
RCUBE(1.000000e-01) -2.663740e+00 4.674738e-02 -2.528415e+00 0.507462 -0.627314 -0.590728 -0.259242 -0.764945 0.589621 -0.821752 -0.146069 -0.550807  5.130934e-01 4.291244e-01 1.984889e-01
RCUBE(1.000000e-01) -9.554058e-01 1.314708e+00 -7.506568e-01 -0.771299 0.635047 0.042589 -0.121117 -0.212135 0.969706 0.624843 0.742775 0.240534  3.106371e-01 1.758793e-01 7.895476e-01
RCUBE(1.000000e-01) 3.568669e+00 1.090167e+00 6.003115e+00 0.239286 -0.967251 0.084669 0.854806 0.168503 -0.490828 0.460487 0.189824 0.867132  3.339727e-01 6.962135e-01 3.886397e-01
RCUBE(1.000000e-01) -2.140956e+00 1.336691e+00 -3.647199e+00 0.151707 -0.574719 0.804166 0.548973 -0.627569 -0.552073 0.821957 0.525219 0.220299  5.063126e-01 2.045995e-01 4.777160e-01
RCUBE(1.000000e-01) 4.762884e+00 -2.797097e+00 -7.131616e-01 -0.636492 0.508039 -0.580323 -0.109531 -0.804325 -0.584008 -0.763467 -0.308153 0.567592  4.307923e-01 4.891743e-01 2.339660e-01
RCUBE(1.000000e-01) 2.015747e+00 5.764270e+00 -3.557606e+00 0.805036 0.122149 0.580515 -0.524767 0.602994 0.600847 -0.276654 -0.788338 0.549532  4.867324e-01 4.616569e-01 2.242069e-01
RCUBE(1.000000e-01) 7.127794e-01 1.689420e+00 -6.826254e+00 -0.682532 -0.668536 -0.295312 0.720124 -0.684155 -0.115558 -0.124784 -0.291533 0.948387  2.981408e-01 2.258648e-01 7.417720e-01
RCUBE(1.000000e-01) -3.930988e+00 -4.562329e+00 3.708191e+00 -0.795218 0.595271 -0.115244 -0.231593 -0.473865 -0.849598 -0.560351 -0.648926 0.514686  4.551735e-01 2.188497e-01 5.470542e-01
RCUBE(1.000000e-01) 3.284794e+00 3.027112e+00 5.466879e+00 -0.516490 -0.448479 -0.729455 -0.743177 -0.188385 0.642028 -0.425354 0.873715 -0.236000  3.420039e-01 5.828593e-01 3.129906e-01
RCUBE(1.000000e-01) -4.473630e+00 3.079403e+00 4.517153e+00 -0.622341 0.518824 0.586100 0.466021 0.847196 -0.255113 -0.628901 0.114368 -0.769028  2.530016e-01 5.487483e-01 4.245624e-01
RCUBE(1.000000e-01) -4.710827e+00 1.512366e+00 1.851360e+00 0.240952 0.423290 0.873366 0.970479 -0.114922 -0.212046 0.010611 0.898676 -0.438485  6.706237e-01 4.357316e-01 3.009534e-01
RCUBE(1.000000e-01) -2.438605e-01 -3.998463e-01 4.335536e+00 0.071641 -0.977213 0.199806 -0.140404 0.188446 0.971995 -0.987499 -0.097688 -0.123704  5.127243e-01 4.524414e-01 4.104078e-01
RCUBE(1.000000e-01) 3.564287e+00 2.968991e+00 -2.258383e+00 0.643096 0.605065 -0.469386 -0.600905 0.018764 -0.799100 -0.474700 0.795955 0.375654  2.527322e-01 4.671699e-01 4.721227e-01
RCUBE(1.000000e-01) 4.323582e+00 6.276492e-01 4.546962e+00 0.170802 -0.200205 -0.964751 0.984509 -0.004691 0.175273 -0.039616 -0.979743 0.196303  5.123842e-01 4.870612e-01 3.553302e-01
RCUBE(1.000000e-01) 2.807976e+00 -1.361818e+00 -4.242437e+00 -0.695706 0.192694 -0.691999 -0.388072 -0.911489 0.136338 -0.604478 0.363396 0.708907  2.555990e-01 6.593899e-01 3.069693e-01
RCUBE(1.000000e-01) -1.703534e+00 2.243740e+00 -6.486798e+00 0.163191 0.942932 0.290254 -0.251615 0.324247 -0.911896 -0.953970 0.075781 0.290170  5.561884e-01 5.162771e-01 3.762048e-01
RCUBE(1.000000e-01) 1.794110e+00 -6.808804e+00 6.119866e-01 0.188667 -0.981217 0.040219 -0.281054 -0.014708 0.959579 -0.940964 -0.192345 -0.278550  3.260837e-01 5.722098e-01 4.773723e-01
RCUBE(1.000000e-01) 3.290956e+00 1.929571e+00 -5.947612e+00 0.759865 -0.543421 0.356790 -0.538044 -0.217692 0.814321 -0.364849 -0.810743 -0.457801  3.562111e-01 4.569277e-01 4.636829e-01
RCUBE(1.000000e-01) 5.939048e+00 1.158481e+00 3.644579e+00 0.305539 0.643064 -0.702221 -0.875319 -0.100588 -0.472969 -0.374784 0.759177 0.532153  5.872711e-01 3.778947e-01 2.552292e-01
RCUBE(1.000000e-01) 4.212928e+00 -4.067765e-01 4.606541e+00 0.006581 -0.431953 0.901872 -0.967653 -0.230212 -0.103199 0.252198 -0.872020 -0.419496  6.619176e-01 2.897866e-01 4.488425e-01
RCUBE(1.000000e-01) -2.768851e+00 4.561300e+00 3.349880e+00 -0.069090 0.065775 -0.995440 0.768575 -0.632645 -0.095147 -0.636018 -0.771644 -0.006843  1.947041e-01 2.261961e-01 8.914546e-01
RCUBE(1.000000e-01) -6.273600e-01 -1.634703e+00 2.012290e+00 -0.093777 -0.801286 0.590886 0.272992 0.550059 0.789247 -0.957435 0.235320 0.167161  7.320750e-01 3.348414e-01 2.914728e-01
RCUBE(1.000000e-01) -1.384796e+00 6.662129e+00 1.900020e+00 -0.374566 0.205001 -0.904254 0.868108 0.420131 -0.264346 0.325714 -0.884005 -0.335330  4.307401e-01 4.779311e-01 5.342882e-01
RCUBE(1.000000e-01) -3.237561e+00 1.410434e+00 2.614638e+00 -0.100089 -0.980937 0.166569 0.489690 0.097166 0.866465 -0.866133 0.168291 0.470630  3.409906e-01 7.275298e-01 3.428362e-01
RCUBE(1.000000e-01) -4.026348e+00 1.681833e+00 -5.550333e+00 0.652957 -0.275828 -0.705383 0.593475 -0.392303 0.702770 -0.470567 -0.877506 -0.092460  2.155748e-01 5.995149e-01 3.392129e-01
RCUBE(1.000000e-01) -6.266172e+00 3.235114e+00 1.150643e-01 0.243550 0.270176 0.931498 -0.333937 -0.878337 0.342068 0.910587 -0.394372 -0.123697  5.009093e-01 3.867338e-01 5.649234e-01
RCUBE(1.000000e-01) -3.076998e+00 -2.522597e+00 -2.009350e+00 0.499786 0.640869 0.582667 0.775840 -0.630318 0.027799 0.385080 0.438163 -0.812236  4.372056e-01 2.795596e-01 4.939997e-01
RCUBE(1.000000e-01) -1.657968e+00 3.170287e+00 -3.838975e+00 -0.305722 -0.022687 0.951851 -0.167439 0.985417 -0.030292 -0.937283 -0.168637 -0.305062  3.160422e-01 5.983026e-01 4.521320e-01
RCUBE(1.000000e-01) -2.944877e+00 1.467587e+00 6.260467e+00 -0.423608 0.198420 0.883847 0.618584 0.776153 0.122230 -0.661747 0.598512 -0.451524  2.219412e-01 4.145117e-01 6.050748e-01
RCUBE(1.000000e-01) 4.097876e+00 -1.927005e+00 1.060804e-01 -0.202897 -0.218648 0.954477 0.097326 0.965422 0.241845 -0.974351 0.141965 -0.174601  5.248888e-01 4.826972e-01 4.189798e-01
RCUBE(1.000000e-01) -5.883681e+00 -2.940388e+00 -2.598469e+00 -0.385591 -0.009543 0.922620 0.381812 -0.911964 0.150138 0.839964 0.410159 0.355289  2.766386e-01 5.427996e-01 5.726997e-01
RCUBE(1.000000e-01) -5.439462e-01 -2.987200e+00 5.317396e+00 0.752523 0.656141 0.056463 -0.346795 0.467699 -0.813014 -0.559859 0.592231 0.579500  4.137923e-01 2.999504e-01 5.012419e-01
RCUBE(1.000000e-01) 3.268892e+00 3.311015e+00 2.641862e+00 -0.408504 -0.665496 -0.624692 -0.191071 0.731586 -0.654426 0.892534 -0.147975 -0.426013  6.255545e-01 3.606169e-01 2.332553e-01
RCUBE(1.000000e-01) 5.903115e+00 6.432999e-01 1.862212e+00 -0.479139 0.005747 0.877720 0.307829 -0.935365 0.174165 0.821990 0.353637 0.446401  2.739069e-01 6.316327e-01 4.773074e-01
RCUBE(1.000000e-01) -5.129934e+00 -4.233024e-01 -1.358353e+00 -0.230879 -0.144956 -0.962124 0.272484 -0.958905 0.079084 -0.934049 -0.243904 0.260890  3.926795e-01 5.177119e-01 5.308141e-01
RCUBE(1.000000e-01) -5.519976e+00 2.744115e+00 6.984933e-01 -0.539619 0.818861 0.195647 0.397617 0.043039 0.916542 0.742100 0.572376 -0.348818  1.983470e-01 4.337097e-01 6.452899e-01
RCUBE(1.000000e-01) 1.204148e-01 -6.118589e-01 7.822593e-01 -0.972010 0.062402 0.226502 0.142516 -0.609841 0.779605 0.186779 0.790063 0.583878  7.817283e-01 3.039599e-01 2.590520e-01
RCUBE(1.000000e-01) 4.885803e+00 -2.751407e+00 -4.307939e+00 0.708476 -0.397202 -0.583346 0.091480 0.871292 -0.482163 0.699781 0.288236 0.653625  3.362273e-01 5.889478e-01 2.170579e-01
RCUBE(1.000000e-01) -3.362828e+00 -2.301093e+00 -3.471552e+00 0.486899 -0.683084 -0.544358 -0.833410 -0.176768 -0.523623 0.261454 0.708625 -0.655357  5.308413e-01 3.622260e-01 2.566466e-01
RCUBE(1.000000e-01) -1.209829e+00 3.172003e+00 6.193864e+00 0.379556 0.893294 -0.240755 -0.295016 0.363506 0.883646 0.876871 -0.264366 0.401506  4.595006e-01 5.060179e-01 4.790063e-01
RCUBE(1.000000e-01) 6.440563e+00 -2.911861e+00 2.163182e-01 0.901996 -0.430251 0.035878 0.173018 0.436352 0.882984 -0.395560 -0.790241 0.468029  5.752292e-01 2.331459e-01 5.291748e-01
RCUBE(1.000000e-01) -3.277086e+00 4.536007e+00 2.440899e+00 -0.247006 0.278832 -0.928031 0.769703 0.638268 -0.013094 0.588681 -0.717542 -0.372274  3.601599e-01 2.327828e-01 6.853153e-01
RCUBE(1.000000e-01) -5.787524e-01 -1.923417e+00 -2.580175e-01 -0.324046 -0.941792 -0.089562 0.364296 -0.211592 0.906928 -0.873088 0.261259 0.411656  3.599243e-01 5.949968e-01 4.879489e-01
RCUBE(1.000000e-01) -1.747735e+00 -3.895066e+00 -5.626185e+00 -0.383147 -0.769913 0.510325 -0.198952 -0.470732 -0.859552 0.902007 -0.430866 0.027183  5.940009e-01 2.271005e-01 4.968956e-01
RCUBE(1.000000e-01) -4.461485e+00 3.884599e+00 3.866363e+00 -0.075029 -0.688711 0.721144 -0.779875 -0.410145 -0.472838 0.621422 -0.597878 -0.506336  4.575571e-01 3.481219e-01 3.776874e-01
RCUBE(1.000000e-01) -9.690920e-01 -2.704694e+00 1.889075e+00 -0.912512 0.192598 -0.360871 0.209247 -0.538268 -0.816384 -0.351479 -0.820471 0.450876  6.120208e-01 3.899401e-01 3.786672e-01
RCUBE(1.000000e-01) 4.380011e+00 1.241705e+00 5.410643e+00 0.620642 0.159721 0.767654 0.101831 -0.987161 0.123063 0.777454 0.001793 -0.628938  2.673300e-01 8.465128e-01 2.038531e-01
RCUBE(1.000000e-01) 1.807169e+00 -3.824418e+00 3.403923e+00 -0.900221 0.296114 0.319247 0.015262 0.754177 -0.656494 -0.435166 -0.586117 -0.683446  6.350092e-01 3.678638e-01 2.705292e-01
RCUBE(1.000000e-01) 1.932680e+00 -2.590009e+00 -3.070038e+00 0.274982 -0.381697 -0.882435 -0.505168 -0.838277 0.205178 -0.818041 0.389358 -0.423332  3.920456e-01 4.429825e-01 5.457456e-01
RCUBE(1.000000e-01) 4.301920e+00 3.279041e+00 3.026588e+00 0.905048 -0.030193 -0.424236 0.212705 -0.831639 0.512965 -0.368299 -0.554496 -0.746251  6.173916e-01 4.588978e-01 2.108501e-01
RCUBE(1.000000e-01) 3.877386e-01 1.839496e+00 5.984042e+00 -0.339496 0.510317 0.790139 -0.575529 0.551729 -0.603623 -0.743982 -0.659676 0.106393  4.101165e-01 3.053523e-01 4.718583e-01
RCUBE(1.000000e-01) 9.013206e-01 3.449549e+00 -6.730987e-01 0.526179 -0.350678 0.774700 0.835251 0.384174 -0.393404 -0.159662 0.854070 0.495049  4.752704e-01 5.143963e-01 3.381865e-01
RCUBE(1.000000e-01) 4.887639e+00 1.528703e+00 -2.218012e+00 0.458730 0.638327 0.618147 -0.881023 0.417246 0.222944 -0.115608 -0.646873 0.753784  6.039668e-01 2.526592e-01 3.907603e-01
RCUBE(1.000000e-01) 3.368424e+00 -9.334585e-02 1.262909e+00 -0.129686 -0.401218 -0.906756 -0.149397 -0.896132 0.417885 -0.980236 0.189660 0.056275  6.720220e-01 3.426271e-01 4.058447e-01
RCUBE(1.000000e-01) -3.576749e+00 2.056577e+00 5.742821e+00 0.600159 -0.580254 0.550559 0.623600 0.770476 0.132252 -0.500932 0.263957 0.824254  2.545131e-01 4.347545e-01 5.157802e-01
RCUBE(1.000000e-01) -1.177681e+00 -4.959919e+00 3.585246e+00 0.266783 -0.707215 -0.654732 -0.466637 -0.689199 0.554305 -0.843254 0.157644 -0.513879  5.453239e-01 3.574134e-01 2.480979e-01
RCUBE(1.000000e-01) 1.473976e+00 2.165298e+00 6.964916e-01 0.160010 -0.973099 -0.165755 0.522025 0.225935 -0.822462 0.837787 0.045074 0.544134  3.549928e-01 7.471841e-01 2.824274e-01
RCUBE(1.000000e-01) 2.924103e+00 5.654846e+00 -4.197059e-01 -0.968563 -0.226802 0.102206 -0.232316 0.677719 -0.697658 0.088963 -0.699470 -0.709103  7.988526e-01 2.160791e-01 2.570872e-01
RCUBE(1.000000e-01) -1.397450e+00 -3.491042e+00 5.022449e+00 -0.604069 0.238173 0.760509 -0.407041 0.728222 -0.551372 -0.685142 -0.642625 -0.342950  3.073933e-01 3.750152e-01 4.231041e-01
RCUBE(1.000000e-01) -7.701718e-01 3.258673e+00 -2.919502e+00 0.547939 0.816672 -0.181136 0.764131 -0.400536 0.505643 0.340393 -0.415473 -0.843514  3.415321e-01 4.538027e-01 5.069166e-01
RCUBE(1.000000e-01) 3.390135e+00 -1.188219e+00 -2.515552e+00 -0.861314 -0.221211 -0.457387 -0.064877 0.940757 -0.332818 0.503913 -0.256987 -0.824639  4.381451e-01 6.509645e-01 3.100573e-01
RCUBE(1.000000e-01) 9.098561e-01 1.876460e+00 -1.323633e+00 -0.149080 0.571077 -0.807246 0.218974 0.815166 0.536241 0.964275 -0.096823 -0.246576  7.389807e-01 3.348308e-01 3.035557e-01
RCUBE(1.000000e-01) 9.972764e-02 1.610192e+00 4.040960e+00 0.048259 0.402863 0.913987 0.562586 -0.767064 0.308398 0.825329 0.499314 -0.263662  4.321382e-01 2.669541e-01 6.308764e-01
RCUBE(1.000000e-01) 2.955031e+00 5.472116e+00 3.365509e+00 -0.133455 -0.460554 0.877542 -0.418431 -0.776487 -0.471152 0.898390 -0.430068 -0.089084  5.769232e-01 1.919593e-01 5.279684e-01
RCUBE(1.000000e-01) -2.641624e+00 9.210059e-01 -1.953201e+00 0.380250 0.526646 -0.760299 -0.829715 0.557441 -0.028838 0.408634 0.641797 0.648933  5.212310e-01 2.148923e-01 4.121626e-01
RCUBE(1.000000e-01) 9.960992e-01 3.228563e+00 1.300878e+00 -0.616322 -0.783713 -0.077082 -0.286635 0.132086 0.948891 -0.733476 0.606917 -0.306047  1.744208e-01 3.594436e-01 7.293907e-01
RCUBE(1.000000e-01) 2.723291e+00 4.600477e+00 -1.432126e+00 -0.099889 -0.453725 0.885526 -0.579666 0.749886 0.318839 -0.808709 -0.481460 -0.337914  4.287440e-01 2.873012e-01 5.858642e-01
RCUBE(1.000000e-01) 1.120254e+00 5.243212e-02 2.181606e+00 -0.383410 -0.864023 0.326284 0.509989 -0.492600 -0.705164 0.770005 -0.103965 0.629510  3.972171e-01 5.660243e-01 2.684720e-01
RCUBE(1.000000e-01) 4.252694e+00 6.380894e-01 2.751690e+00 0.161574 -0.688469 -0.707039 -0.928607 -0.348577 0.127214 -0.334041 0.636007 -0.695638  6.956404e-01 2.398887e-01 3.073653e-01
RCUBE(1.000000e-01) 4.348691e+00 9.364668e-01 1.157078e-01 -0.032754 -0.127456 -0.991303 0.999462 -0.002400 -0.032715 0.001790 -0.991841 0.127466  4.733253e-01 3.897652e-01 3.635677e-01
RCUBE(1.000000e-01) 5.952078e+00 1.458578e-01 -1.507819e+00 0.202695 -0.397650 0.894868 0.157798 0.915159 0.370924 -0.966444 0.066024 0.248246  6.299195e-01 4.528418e-01 3.545614e-01
RCUBE(1.000000e-01) 3.213081e+00 1.131326e-01 3.171184e+00 -0.825232 -0.317453 0.467136 0.522837 -0.116550 0.844427 -0.213621 0.941084 0.262157  3.391572e-01 6.596610e-01 4.032636e-01
RCUBE(1.000000e-01) -1.786638e+00 -6.828866e+00 -4.451750e-01 0.568787 -0.195548 0.798901 0.785006 -0.160802 -0.598255 0.245452 0.967421 0.062044  2.662596e-01 7.626720e-01 3.228551e-01
RCUBE(1.000000e-01) -4.748067e-01 -1.492162e+00 -3.370888e+00 0.826795 0.237987 0.509679 0.166658 0.761768 -0.626046 -0.537248 0.602554 0.590164  5.205922e-01 4.242350e-01 2.506513e-01
RCUBE(1.000000e-01) 1.097337e+00 -6.509269e+00 2.506802e+00 0.148658 -0.862137 0.484377 -0.987635 -0.154098 0.028833 0.049784 -0.482674 -0.874384  7.451194e-01 2.549674e-01 3.616954e-01
RCUBE(1.000000e-01) 7.880787e-02 -4.413066e+00 5.514260e+00 0.986669 -0.162689 0.003957 0.133435 0.822687 0.552614 -0.093159 -0.544719 0.833428  7.933596e-01 2.473985e-01 3.212046e-01
RCUBE(1.000000e-01) -2.850509e+00 -1.679166e+00 -8.524447e-01 -0.895091 -0.445882 -0.001474 0.014044 -0.024887 -0.999592 0.445663 -0.894746 0.028538  2.949960e-01 2.811453e-01 7.403928e-01
RCUBE(1.000000e-01) -2.231574e+00 2.213520e+00 6.323754e+00 -0.294186 -0.892483 0.341949 -0.295976 0.425266 0.855305 -0.908764 0.150411 -0.389261  5.464806e-01 5.016970e-01 3.883425e-01
RCUBE(1.000000e-01) -1.447390e+00 3.988541e-01 -5.006291e+00 0.268814 -0.029967 0.962726 0.660414 0.733312 -0.161576 -0.701136 0.679232 0.216915  1.604073e-01 2.851617e-01 7.791998e-01
RCUBE(1.000000e-01) -1.536347e+00 1.010584e+00 -5.872658e+00 -0.545325 0.808563 0.221013 0.759080 0.588202 -0.278955 -0.355553 0.015645 -0.934525  2.378413e-01 3.949762e-01 6.824937e-01
RCUBE(1.000000e-01) 4.967485e+00 -1.758980e-01 -1.758473e+00 0.161412 -0.523989 0.836290 0.965858 -0.090126 -0.242889 0.202642 0.846943 0.491552  7.147223e-01 3.676894e-01 3.227658e-01
RCUBE(1.000000e-01) -6.109343e-01 -1.035809e+00 -2.438447e+00 -0.467043 0.461098 0.754493 -0.181271 -0.885078 0.428694 0.865454 0.063451 0.496953  5.223516e-01 5.655045e-01 1.976312e-01
RCUBE(1.000000e-01) 1.158038e+00 1.794979e+00 -4.764001e+00 -0.373149 0.919966 0.120093 -0.848052 -0.285722 -0.446285 -0.376254 -0.268375 0.886796  3.638572e-01 5.781406e-01 4.871130e-01
RCUBE(1.000000e-01) -1.888131e+00 -4.421715e+00 5.183944e+00 -0.869195 -0.139997 -0.474237 -0.301654 -0.609807 0.732898 -0.391797 0.780087 0.487811  5.678079e-01 3.989434e-01 2.964410e-01
RCUBE(1.000000e-01) -2.051703e+00 5.158510e+00 -2.717608e+00 0.251447 -0.934901 0.250468 0.169496 -0.212249 -0.962404 0.952914 0.284447 0.105093  4.998459e-01 4.118431e-01 5.384140e-01
RCUBE(1.000000e-01) -1.820712e+00 -1.042774e-01 1.917580e+00 0.841066 0.241198 -0.484182 0.261519 0.602220 0.754280 0.473514 -0.761022 0.443429  5.208939e-01 3.729145e-01 3.594937e-01
RCUBE(1.000000e-01) 4.993294e+00 4.822842e+00 1.235728e+00 -0.442423 -0.892153 -0.091243 0.895535 -0.444919 0.008006 -0.047738 -0.078169 0.995797  3.363020e-01 2.932221e-01 7.301880e-01
RCUBE(1.000000e-01) -2.562033e+00 -4.446916e-01 -3.573009e+00 0.314542 0.155483 0.936423 0.198970 0.953780 -0.225199 -0.928156 0.257155 0.269067  4.426318e-01 5.448226e-01 4.783596e-01
RCUBE(1.000000e-01) 6.332574e+00 -2.812472e+00 1.405605e+00 -0.896835 0.386020 -0.216044 0.011444 0.508466 0.861006 0.442217 0.769708 -0.460428  5.835151e-01 2.370522e-01 5.021617e-01
RCUBE(1.000000e-01) 5.921006e+00 2.893087e+00 2.564564e+00 -0.475770 0.172766 0.862436 0.830255 0.411918 0.375500 -0.290379 0.894693 -0.339417  3.834714e-01 5.512732e-01 4.711998e-01
RCUBE(1.000000e-01) 5.783314e+00 1.904249e+00 -3.585974e+00 0.847221 0.182049 -0.499074 -0.257573 -0.680873 -0.685616 -0.464621 0.709416 -0.529959  5.484988e-01 3.286423e-01 2.801884e-01
RCUBE(1.000000e-01) 3.104960e+00 1.304718e+00 -4.133479e+00 0.342656 -0.937092 -0.066675 -0.468218 -0.231874 0.852647 -0.814469 -0.260946 -0.518216  3.047637e-01 6.517106e-01 4.327827e-01
RCUBE(1.000000e-01) 1.338764e+00 3.302169e+00 -3.904982e+00 -0.814978 -0.102895 -0.570283 0.451644 -0.729377 -0.513835 -0.363081 -0.676329 0.640899  5.024367e-01 3.742949e-01 2.287458e-01
RCUBE(1.000000e-01) -1.604398e+00 3.452783e+00 1.755819e+00 0.867405 -0.197880 -0.456566 -0.497010 -0.389306 -0.775514 -0.024285 0.899602 -0.436034  5.093510e-01 5.839698e-01 2.323353e-01
RCUBE(1.000000e-01) -3.317168e+00 1.045749e-02 -6.292471e-01 -0.222667 0.923733 0.311668 0.879379 0.052304 0.473240 0.420846 0.379449 -0.823958  4.877894e-01 6.043799e-01 3.059550e-01
RCUBE(1.000000e-01) 2.359898e+00 3.741692e+00 2.829194e+00 0.957689 -0.263393 -0.116001 -0.099246 -0.680566 0.725934 -0.270152 -0.683706 -0.677911  7.659881e-01 2.141309e-01 2.905898e-01
RCUBE(1.000000e-01) 3.530174e+00 -1.296690e+00 5.984110e+00 0.778916 0.570070 -0.261361 -0.436736 0.194002 -0.878422 -0.450057 0.798363 0.400082  3.551350e-01 4.003109e-01 5.677268e-01
RCUBE(1.000000e-01) 4.446684e+00 -8.620100e-01 -4.043008e+00 -0.458337 0.609739 -0.646641 -0.480759 -0.782020 -0.396631 -0.747527 0.129088 0.651567  4.035149e-01 4.544248e-01 3.092886e-01
RCUBE(1.000000e-01) -5.122694e+00 8.428709e-01 2.203660e-01 0.152820 0.755199 -0.637433 -0.006113 -0.644275 -0.764770 -0.988235 0.120768 -0.093842  8.596902e-01 1.887317e-01 2.536827e-01
RCUBE(1.000000e-01) 3.587128e+00 -4.180863e+00 2.999173e+00 0.812167 -0.030585 -0.582622 -0.493873 0.495605 -0.714469 0.310603 0.868010 0.387409  4.562469e-01 5.628035e-01 2.304140e-01
RCUBE(1.000000e-01) 4.395096e+00 2.364044e-01 5.530866e+00 -0.799202 -0.014501 0.600888 -0.600951 0.038550 -0.798356 -0.011587 -0.999151 -0.039524  2.215000e-01 8.829288e-01 1.959370e-01
RCUBE(1.000000e-01) 6.720939e-01 -2.621004e+00 -5.610265e+00 -0.519599 -0.747946 0.413031 -0.478414 -0.145835 -0.865940 0.707911 -0.647541 -0.282052  2.805399e-01 3.628729e-01 5.721100e-01
RCUBE(1.000000e-01) 4.178039e+00 -7.079417e-01 1.381952e+00 0.477567 0.324051 -0.816652 0.774978 -0.593280 0.217780 -0.413932 -0.736892 -0.534463  4.101528e-01 3.383216e-01 4.838087e-01
RCUBE(1.000000e-01) -5.353165e+00 4.444728e+00 1.179035e+00 -0.633272 -0.771876 0.056332 0.158106 -0.057777 0.985730 -0.757607 0.633142 0.158627  1.629090e-01 2.725443e-01 8.453119e-01
RCUBE(1.000000e-01) -3.294274e+00 2.226368e+00 1.933173e+00 -0.857555 0.235349 0.457395 0.370171 0.899772 0.231050 -0.357174 0.367452 -0.858724  4.366056e-01 5.481300e-01 4.398908e-01
RCUBE(1.000000e-01) 1.750315e+00 1.535862e+00 -6.671296e+00 -0.766037 0.624711 -0.151405 -0.573688 -0.770689 -0.277345 -0.289947 -0.125597 0.948766  2.921133e-01 3.069707e-01 7.247582e-01
RCUBE(1.000000e-01) -3.818124e+00 4.327995e+00 -2.106386e+00 -0.824403 -0.513099 0.238934 -0.561603 0.689000 -0.458127 0.070438 -0.511868 -0.856172  4.871319e-01 1.606220e-01 5.458091e-01
RCUBE(1.000000e-01) -2.397192e+00 -9.614642e-01 -2.665429e+00 0.842001 0.229623 0.488167 -0.082011 -0.839893 0.536521 0.533206 -0.491786 -0.688359  5.193556e-01 5.154631e-01 1.710700e-01
RCUBE(1.000000e-01) 1.425754e+00 -5.182318e+00 -3.023018e+00 0.787709 -0.148774 0.597814 0.547837 0.613000 -0.569303 -0.281762 0.775949 0.564369  4.664705e-01 4.499549e-01 2.415737e-01
RCUBE(1.000000e-01) -3.082822e+00 -5.065834e-01 6.345276e+00 -0.860245 0.325449 -0.392507 0.438671 0.080011 -0.895079 -0.259898 -0.942168 -0.211594  3.446174e-01 6.135047e-01 4.742847e-01
RCUBE(1.000000e-01) -1.851386e+00 2.966817e+00 2.682483e+00 0.776528 -0.021772 0.629707 0.373130 0.821206 -0.431735 -0.507719 0.570217 0.645813  4.354634e-01 5.063987e-01 2.765464e-01
RCUBE(1.000000e-01) 5.538902e+00 -2.606295e+00 -3.524028e+00 -0.475111 0.315883 -0.821272 0.785816 -0.267650 -0.557545 -0.395932 -0.910265 -0.121063  3.195734e-01 6.184812e-01 4.156739e-01
RCUBE(1.000000e-01) 1.671042e+00 2.737957e-01 -3.916587e+00 -0.928148 0.275420 -0.250370 -0.313017 -0.213600 0.925416 0.201399 0.937293 0.284463  4.835125e-01 5.169374e-01 4.730838e-01
RCUBE(1.000000e-01) -2.867396e+00 3.578886e+00 -2.617224e+00 -0.650693 0.756401 0.066757 -0.616487 -0.577561 0.535133 0.443331 0.307052 0.842126  2.835081e-01 4.096257e-01 5.422309e-01
RCUBE(1.000000e-01) -1.267004e+00 -1.233316e+00 5.930708e+00 -0.395157 -0.906959 0.145867 -0.270417 0.266603 0.925093 -0.877910 0.326112 -0.350607  4.009680e-01 4.993704e-01 5.540291e-01
RCUBE(1.000000e-01) 4.570766e+00 -2.713469e+00 -3.147278e+00 -0.307768 0.434585 -0.846413 -0.614028 -0.770267 -0.172218 -0.726807 0.466718 0.503911  3.089285e-01 3.960593e-01 5.332926e-01
RCUBE(1.000000e-01) -6.000334e+00 3.595239e+00 1.034436e+00 0.839444 -0.531308 -0.114216 -0.453190 -0.568403 -0.686685 0.299921 0.628195 -0.717926  5.402888e-01 2.133553e-01 3.690590e-01
RCUBE(1.000000e-01) -2.845333e-01 8.117333e-01 -4.363135e+00 -0.941797 -0.333480 0.042547 -0.209105 0.481986 -0.850861 0.263238 -0.810235 -0.523665  6.652712e-01 2.864343e-01 4.289103e-01
RCUBE(1.000000e-01) 3.251666e+00 -9.810880e-01 7.026374e-01 0.474290 0.273359 -0.836854 -0.654751 0.744973 -0.127737 0.588515 0.608515 0.532315  2.816654e-01 4.007399e-01 5.360809e-01
RCUBE(1.000000e-01) 3.727621e-01 -5.664789e+00 4.214875e+00 0.083846 -0.794711 0.601169 0.889822 0.331268 0.313812 -0.448538 0.508622 0.734927  6.008477e-01 4.113936e-01 2.680103e-01
RCUBE(1.000000e-01) 6.558325e-01 -2.132630e+00 -4.676973e+00 -0.610045 -0.789095 0.071931 0.173302 -0.044293 0.983872 -0.773183 0.612672 0.163772  1.838455e-01 2.937014e-01 8.265212e-01
RCUBE(1.000000e-01) 5.719829e-01 -7.007961e+00 6.471961e-01 -0.835357 -0.221361 -0.503168 -0.511166 -0.023899 0.859149 -0.202208 0.974899 -0.093188  2.488144e-01 7.338519e-01 3.856569e-01
RCUBE(1.000000e-01) -5.258907e+00 -1.319113e+00 4.524312e+00 0.145568 0.943830 0.296641 -0.569236 0.325135 -0.755154 -0.809185 -0.058933 0.584591  3.923120e-01 7.053394e-01 1.883495e-01
RCUBE(1.000000e-01) 2.179307e+00 -3.802345e+00 1.379024e-01 0.821415 -0.199628 -0.534252 0.288281 -0.662938 0.690946 -0.492109 -0.721569 -0.486998  5.078581e-01 3.484687e-01 2.943566e-01
RCUBE(1.000000e-01) 2.893334e+00 -6.364860e-01 6.420699e+00 -0.571260 0.739100 0.356922 0.710038 0.663152 -0.236801 -0.411713 0.118154 -0.903621  2.619442e-01 3.300290e-01 6.402614e-01
RCUBE(1.000000e-01) 7.201809e-01 8.049836e-01 6.183922e+00 -0.321743 0.544251 -0.774773 0.260639 0.837579 0.480134 0.910247 -0.047456 -0.411338  6.166172e-01 4.511142e-01 2.725259e-01
RCUBE(1.000000e-01) -5.262134e+00 -3.091708e+00 8.372704e-01 -0.060321 0.963334 0.261437 -0.249499 0.239049 -0.938406 -0.966495 -0.121834 0.225931  5.303371e-01 5.170401e-01 3.816951e-01
RCUBE(1.000000e-01) -2.576417e+00 -7.134693e-01 -5.560874e+00 0.871207 -0.490540 0.019201 0.284834 0.536953 0.794073 -0.399834 -0.686333 0.607519  5.773168e-01 1.863320e-01 4.371037e-01
RCUBE(1.000000e-01) -3.371508e+00 3.822392e+00 1.629332e+00 -0.686731 0.407106 0.602217 0.664789 0.016623 0.746846 0.294035 0.913230 -0.282055  2.700717e-01 6.607308e-01 3.492288e-01
RCUBE(1.000000e-01) 4.261073e+00 -1.997438e+00 -2.409430e+00 0.210585 -0.916270 0.340739 0.894661 0.040157 -0.444938 0.394001 0.398544 0.828207  5.201929e-01 5.776862e-01 3.021055e-01
RCUBE(1.000000e-01) -1.796095e-01 -8.074819e-01 6.065981e+00 -0.073538 -0.126165 0.989280 -0.835502 0.549429 0.007963 -0.544544 -0.825960 -0.145815  3.154455e-01 2.396454e-01 7.997460e-01
RCUBE(1.000000e-01) 1.005684e+00 1.141676e+00 4.262957e+00 -0.810407 -0.442636 0.383815 0.247793 0.334677 0.909170 -0.530885 0.831905 -0.161543  3.594424e-01 4.184602e-01 6.030795e-01
RCUBE(1.000000e-01) 1.133506e+00 4.744844e+00 2.015963e+00 -0.629018 -0.271947 0.728272 -0.756438 0.430146 -0.492723 -0.179269 -0.860825 -0.476281  3.688371e-01 5.590947e-01 3.108903e-01
RCUBE(1.000000e-01) -3.180158e+00 -5.251663e+00 -1.614795e+00 -0.371786 -0.666720 0.645956 0.800392 0.122272 0.586875 -0.470264 0.735210 0.488178  4.809880e-01 3.839933e-01 2.450487e-01
RCUBE(1.000000e-01) 4.458692e+00 -4.742855e+00 2.759515e+00 -0.806203 -0.510283 0.299414 0.007874 0.496776 0.867843 -0.591587 0.702015 -0.396484  4.514009e-01 2.107060e-01 5.664745e-01
