2000 α=0.4 
-11.000000 11.000000
-11.000000 11.000000
-11.000000 11.000000
RCUBE(4.000000e-01) -1.137688e+00 -5.749529e+00 4.714548e+00 0.142837 0.768942 -0.623157 -0.800957 0.459675 0.383623 0.581434 0.444327 0.681548  4.729466e-01 4.215890e-01 2.782966e-01
RCUBE(4.000000e-01) -6.781741e+00 3.245178e+00 2.786800e-01 -0.906479 0.419870 0.044780 -0.208865 -0.353690 -0.911745 -0.366976 -0.835831 0.408308  5.419387e-01 3.098851e-01 5.562486e-01
RCUBE(4.000000e-01) 3.656763e+00 -1.403009e+00 -2.379339e+00 -0.383338 0.647504 -0.658628 0.907200 0.130150 -0.400062 -0.173321 -0.750866 -0.637306  6.506943e-01 3.704426e-01 2.091293e-01
RCUBE(4.000000e-01) -2.744041e+00 2.730312e+00 -5.237239e+00 0.320048 -0.519453 0.792299 -0.658756 -0.723048 -0.207947 0.680889 -0.455379 -0.573603  3.167783e-01 3.618100e-01 4.673593e-01
RCUBE(4.000000e-01) 1.270641e+00 -2.445126e-02 1.993181e+00 0.830152 0.285665 0.478793 -0.025435 -0.838466 0.544360 0.556956 -0.464080 -0.688789  5.008435e-01 5.159300e-01 1.880490e-01
RCUBE(4.000000e-01) 5.215584e-01 7.039569e+00 2.542885e+00 0.981666 -0.038025 0.186778 -0.189616 -0.294716 0.936583 0.019432 -0.954828 -0.296523  5.852302e-01 4.703073e-01 3.195062e-01
RCUBE(4.000000e-01) 3.054386e-01 -3.396023e+00 -1.348193e+00 0.530771 0.845175 0.062938 0.768827 -0.511410 0.383881 0.356633 -0.155365 -0.921235  2.012458e-01 4.615631e-01 6.386655e-01
RCUBE(4.000000e-01) -2.966326e-02 5.273786e+00 -3.907658e+00 0.555390 0.632963 0.539352 -0.748529 0.097958 0.655827 0.362281 -0.767960 0.528196  4.181934e-01 4.433632e-01 3.069700e-01
RCUBE(4.000000e-01) -7.432262e-02 -5.911401e+00 -2.772910e+00 -0.361936 -0.424948 0.829712 -0.061505 -0.877230 -0.476114 0.930172 -0.223354 0.291364  6.162766e-01 4.743690e-01 3.142663e-01
RCUBE(4.000000e-01) 2.833887e+00 -8.039751e-01 -5.818315e+00 0.337082 -0.403645 0.850556 0.858268 -0.239592 -0.453841 0.386977 0.882987 0.265674  4.574028e-01 5.199325e-01 4.370118e-01
RCUBE(4.000000e-01) -4.763837e+00 1.750491e+00 -2.279646e+00 -0.551077 -0.675813 0.489481 0.831017 -0.497657 0.248491 0.075660 0.543705 0.835859  5.058939e-01 1.821641e-01 5.145331e-01
RCUBE(4.000000e-01) -5.019252e+00 2.198522e+00 -3.512884e+00 -0.349261 0.548234 0.759905 -0.566804 -0.769391 0.294568 0.746157 -0.327836 0.579460  3.769429e-01 4.164164e-01 4.004626e-01
RCUBE(4.000000e-01) -8.835250e-01 2.504223e+00 7.748443e-02 -0.474878 -0.216514 0.853002 0.689161 0.511301 0.513447 -0.547309 0.831681 -0.093593  1.753190e-01 4.993716e-01 5.389459e-01
RCUBE(4.000000e-01) -1.419220e+00 -2.162715e+00 -4.938556e+00 -0.178307 -0.494957 -0.850426 -0.952225 0.304575 0.022385 0.247939 0.813788 -0.525618  6.888855e-01 2.734573e-01 4.157148e-01
RCUBE(4.000000e-01) 3.208573e+00 3.165574e+00 6.010766e+00 0.411708 0.458487 0.787582 0.112574 -0.883193 0.455299 0.904336 -0.098789 -0.415232  5.809978e-01 5.297380e-01 1.908583e-01
RCUBE(4.000000e-01) -3.036361e+00 4.867528e+00 4.854894e+00 0.180788 0.712878 -0.677584 -0.899165 -0.159354 -0.407563 -0.398519 0.682943 0.612186  6.374979e-01 3.369760e-01 2.535631e-01
RCUBE(4.000000e-01) -3.977709e+00 -2.004539e+00 3.406194e+00 0.900995 0.381180 -0.207147 -0.357883 0.383176 -0.851526 -0.245211 0.841355 0.481657  5.634733e-01 4.098849e-01 4.380126e-01
RCUBE(4.000000e-01) -5.312771e-01 -3.996077e+00 -6.846636e-01 0.033168 0.109992 -0.993379 0.415565 0.902417 0.113796 0.908958 -0.416588 -0.015778  3.680223e-01 2.885380e-01 7.017747e-01
RCUBE(4.000000e-01) -2.898659e+00 -6.859121e+00 -9.428147e-01 0.085615 -0.195639 0.976932 0.946920 -0.288970 -0.140854 0.309860 0.937135 0.160515  4.541330e-01 3.966395e-01 5.815562e-01
RCUBE(4.000000e-01) 3.134154e+00 -3.211120e+00 4.725167e+00 0.730473 -0.346596 -0.588456 -0.452986 0.398936 -0.797279 0.511090 0.848953 0.134409  2.946331e-01 5.307145e-01 4.343688e-01
RCUBE(4.000000e-01) 3.174040e+00 -1.470002e+00 4.462962e+00 0.650331 -0.708445 -0.274181 -0.551897 -0.192613 -0.811363 0.521995 0.678974 -0.516251  2.608678e-01 3.673670e-01 4.996240e-01
RCUBE(4.000000e-01) -2.775277e-01 2.177171e-01 3.642030e+00 0.060192 0.844290 -0.532495 0.872199 0.214945 0.439394 0.485433 -0.490890 -0.723452  5.595046e-01 5.031600e-01 1.839473e-01
RCUBE(4.000000e-01) 3.701108e+00 6.708142e-01 1.504025e-02 -0.309821 0.780764 -0.542603 0.711878 0.568785 0.411963 0.630271 -0.258633 -0.732030  3.351293e-01 4.456411e-01 3.685999e-01
RCUBE(4.000000e-01) 3.880863e+00 2.275981e+00 7.836644e-01 0.316836 -0.581906 0.748999 0.592148 -0.495525 -0.635465 0.740929 0.644856 0.187574  4.108626e-01 2.919948e-01 4.206036e-01
RCUBE(4.000000e-01) -4.098043e+00 3.720600e+00 -2.046041e-02 -0.762277 0.643278 -0.071604 0.602401 0.664637 -0.442008 -0.236744 -0.380067 -0.894148  3.897548e-01 2.489280e-01 6.247252e-01
RCUBE(4.000000e-01) 2.860546e+00 -4.430541e+00 -3.902726e-02 0.634929 0.750421 -0.183668 -0.157533 -0.106986 -0.981701 -0.756339 0.652244 0.050287  2.515132e-01 2.219424e-01 8.344112e-01
RCUBE(4.000000e-01) -1.660964e+00 3.295910e+00 6.549096e+00 -0.965658 -0.121033 -0.229903 -0.259795 0.438519 0.860353 -0.003314 0.890535 -0.454903  6.732325e-01 4.389481e-01 2.890211e-01
RCUBE(4.000000e-01) 6.433376e-01 3.086030e-02 7.467486e+00 0.082750 0.979590 -0.183183 -0.100779 -0.174646 -0.979460 -0.991462 0.099511 0.084270  5.053688e-01 4.242914e-01 4.230732e-01
RCUBE(4.000000e-01) -4.783669e+00 2.425019e+00 3.731789e+00 -0.124581 -0.794149 0.594817 -0.736332 -0.327822 -0.591901 0.665052 -0.511723 -0.543917  4.009114e-01 4.773975e-01 2.479098e-01
RCUBE(4.000000e-01) 3.760408e+00 -9.899536e-01 -6.426417e+00 0.691523 0.661659 0.289834 -0.499405 0.148020 0.853630 0.521911 -0.735049 0.432795  2.710355e-01 3.557173e-01 5.556038e-01
RCUBE(4.000000e-01) 3.494266e+00 -2.554692e-01 5.519278e+00 -0.626411 -0.148901 -0.765139 -0.405381 -0.776174 0.482929 -0.665790 0.612684 0.425842  2.840218e-01 4.414698e-01 4.246257e-01
RCUBE(4.000000e-01) -3.476889e+00 1.919108e+00 -5.178009e+00 -0.719257 0.524857 0.455186 0.694516 0.526416 0.490443 0.017795 0.668888 -0.743150  3.845318e-01 3.292427e-01 4.135162e-01
RCUBE(4.000000e-01) 3.230719e+00 1.473856e+00 6.589407e-01 0.550090 -0.433886 -0.713544 -0.407297 0.606531 -0.682810 0.729048 0.666231 0.156926  3.934137e-01 3.256665e-01 3.732813e-01
RCUBE(4.000000e-01) 2.439625e+00 2.499965e+00 6.659738e+00 0.336138 0.334942 0.880241 -0.032545 -0.929936 0.366279 0.941250 -0.151768 -0.301686  5.692925e-01 5.330952e-01 3.273408e-01
RCUBE(4.000000e-01) 1.017670e+00 -1.507417e-01 -2.519390e+00 -0.681159 0.267944 -0.681343 0.279584 0.955293 0.096168 0.676650 -0.124987 -0.725619  2.051386e-01 7.594704e-01 2.937315e-01
RCUBE(4.000000e-01) -3.410422e-01 3.657912e+00 -3.460968e+00 0.651284 0.657004 0.379704 0.296036 -0.680713 0.670069 0.698708 -0.323999 -0.637834  3.563862e-01 3.387459e-01 3.191297e-01
RCUBE(4.000000e-01) 3.272906e+00 -5.315807e+00 -1.943191e+00 -0.636027 0.767823 0.076926 0.714341 0.623551 -0.317650 -0.291866 -0.147083 -0.945082  1.967857e-01 3.482578e-01 7.259412e-01
RCUBE(4.000000e-01) 1.241245e-01 4.921821e-01 -5.954450e-01 -0.274446 -0.911316 -0.306892 0.592679 -0.411628 0.692310 -0.757239 0.008113 0.653088  3.632575e-01 6.552907e-01 2.590144e-01
RCUBE(4.000000e-01) -6.420806e+00 -9.416944e-02 8.718541e-01 -0.969281 -0.150370 0.194636 0.213071 -0.908657 0.359086 0.122862 0.389526 0.912784  6.270555e-01 4.003553e-01 4.204100e-01
RCUBE(4.000000e-01) 4.477214e+00 -3.083560e-01 -6.006558e+00 0.372883 -0.858174 0.352840 0.606707 -0.062214 -0.792487 0.702043 0.509576 0.497461  2.457885e-01 5.529210e-01 4.338414e-01
RCUBE(4.000000e-01) 4.470114e+00 2.032779e+00 -2.802992e+00 -0.108131 0.509086 -0.853896 -0.164325 -0.856270 -0.489693 -0.980462 0.087365 0.176245  7.408460e-01 3.385457e-01 3.256971e-01
RCUBE(4.000000e-01) 1.157601e+00 -1.383947e+00 -6.276356e+00 0.169723 -0.245059 -0.954537 0.896854 -0.363054 0.252674 -0.408469 -0.898965 0.158164  4.173524e-01 4.259225e-01 6.124919e-01
RCUBE(4.000000e-01) -1.377224e+00 5.597606e-01 7.368875e+00 -0.174010 0.099069 0.979748 -0.185849 -0.980351 0.066121 0.967047 -0.170580 0.189002  4.038096e-01 4.943568e-01 4.910950e-01
RCUBE(4.000000e-01) 5.064748e+00 2.315268e+00 -7.149685e-01 0.048413 0.958804 0.279914 -0.232758 0.283357 -0.930340 -0.971329 -0.020111 0.236887  5.603059e-01 5.094093e-01 3.174463e-01
RCUBE(4.000000e-01) 6.563421e-01 8.521544e-01 -6.432342e+00 0.138536 0.988069 0.067282 -0.001364 0.068128 -0.997676 -0.990356 0.138122 0.010786  4.159335e-01 3.650323e-01 4.800613e-01
RCUBE(4.000000e-01) 6.188091e+00 -1.569555e+00 1.179872e+00 -0.949964 0.312034 -0.014257 0.303848 0.912534 -0.273785 -0.072420 -0.264418 -0.961685  5.236483e-01 3.122779e-01 5.670262e-01
RCUBE(4.000000e-01) -2.210524e-01 2.055527e+00 -3.338513e+00 0.285767 -0.568758 0.771266 0.668124 -0.458717 -0.585824 0.686985 0.682710 0.248915  3.487642e-01 3.183259e-01 4.442966e-01
RCUBE(4.000000e-01) 1.649061e+00 5.547435e-01 3.530827e+00 0.513851 -0.481971 -0.709691 -0.201189 -0.871894 0.446456 -0.833954 -0.086630 -0.544991  4.910955e-01 5.654499e-01 1.659087e-01
RCUBE(4.000000e-01) -5.116673e+00 -1.159310e+00 -1.975523e+00 -0.202858 0.316396 0.926683 0.148368 -0.925502 0.348472 0.967903 0.208181 0.140802  5.938390e-01 4.267776e-01 4.325633e-01
RCUBE(4.000000e-01) 5.864516e+00 2.486814e+00 -3.999697e+00 -0.114892 -0.750148 -0.651212 -0.776165 -0.341346 0.530142 -0.619974 0.566358 -0.543021  4.537013e-01 4.195226e-01 2.991046e-01
RCUBE(4.000000e-01) -2.913981e+00 6.466581e+00 -2.486610e+00 -0.824395 -0.221273 0.520971 0.380054 0.465674 0.799191 -0.419442 0.856847 -0.299804  4.443487e-01 5.139028e-01 3.870176e-01
RCUBE(4.000000e-01) -2.411958e+00 -4.582589e+00 2.075644e+00 -0.074819 -0.636750 -0.767432 -0.944176 0.292838 -0.150922 0.320832 0.713299 -0.623114  7.239028e-01 1.990341e-01 3.489001e-01
RCUBE(4.000000e-01) -5.477704e+00 4.916925e+00 -1.519353e+00 -0.717347 0.674558 -0.174312 0.635556 0.531058 -0.560398 -0.285451 -0.512785 -0.809672  3.773744e-01 3.065897e-01 4.978793e-01
RCUBE(4.000000e-01) -2.193656e+00 4.803313e+00 3.829112e+00 0.218804 0.638297 -0.738039 0.917356 0.123207 0.378521 0.332540 -0.759867 -0.558587  6.607609e-01 3.376437e-01 2.815627e-01
RCUBE(4.000000e-01) 3.877400e+00 -4.190842e+00 4.849127e+00 0.596474 0.800949 0.051947 -0.599626 0.401654 0.692187 0.533542 -0.444020 0.719846  2.546270e-01 4.856516e-01 3.726847e-01
RCUBE(4.000000e-01) 2.409584e+00 6.554944e-01 4.212636e+00 -0.466749 0.411808 0.782662 -0.870132 -0.055564 -0.489677 -0.158165 -0.909575 0.384262  5.052911e-01 5.995051e-01 2.158117e-01
RCUBE(4.000000e-01) 3.100353e+00 2.773527e-01 -3.264618e+00 -0.519933 0.643119 -0.562198 0.397605 0.764715 0.507072 0.756029 0.040110 -0.653308  4.264271e-01 4.379941e-01 3.081651e-01
RCUBE(4.000000e-01) -1.897976e+00 6.256907e+00 3.712390e+00 0.891530 0.036581 0.451483 0.282363 -0.824255 -0.490789 0.354183 0.565036 -0.745177  5.939527e-01 4.535417e-01 2.501675e-01
RCUBE(4.000000e-01) -7.137839e+00 -2.561833e-01 2.332475e+00 -0.211588 -0.592081 -0.777605 -0.248487 0.802064 -0.543091 0.945243 0.078313 -0.316832  7.042995e-01 3.602995e-01 2.805112e-01
RCUBE(4.000000e-01) 1.757790e+00 -3.385923e+00 -6.460490e+00 -0.207510 0.526399 0.824527 0.520554 0.773046 -0.362524 -0.828229 0.353983 -0.434434  4.762307e-01 3.612450e-01 4.688802e-01
RCUBE(4.000000e-01) -1.179704e+00 1.062415e+00 1.059494e+00 -0.348513 0.167958 0.922133 -0.394253 0.866282 -0.306790 -0.850355 -0.470474 -0.235692  3.925696e-01 4.418847e-01 5.935956e-01
RCUBE(4.000000e-01) 6.091506e-01 6.221705e+00 -1.972387e+00 0.248351 0.916940 -0.312319 -0.774698 0.381571 0.504229 0.581520 0.116727 0.805115  3.071992e-01 6.408119e-01 3.902794e-01
RCUBE(4.000000e-01) 3.700671e+00 -3.052139e+00 -2.913351e+00 -0.675039 -0.666621 0.316132 -0.632094 0.743543 0.218177 -0.380499 -0.052547 -0.923287  1.701278e-01 3.450291e-01 6.826648e-01
RCUBE(4.000000e-01) -7.661893e-01 -5.558176e+00 9.580247e-01 0.374781 0.648397 0.662662 -0.047549 -0.700375 0.712190 0.925893 -0.298423 -0.231656  6.900760e-01 2.847340e-01 3.101716e-01
RCUBE(4.000000e-01) -1.469388e+00 -4.282328e+00 6.008188e+00 0.191162 0.568675 -0.800041 -0.110674 -0.797387 -0.593233 -0.975299 0.201948 -0.089493  7.823603e-01 2.840807e-01 2.961422e-01
RCUBE(4.000000e-01) -4.554509e-01 1.469257e+00 -9.093611e-01 0.607789 -0.329984 0.722290 0.031921 0.918990 0.392987 -0.793457 -0.215797 0.569085  4.010905e-01 6.608576e-01 1.917503e-01
RCUBE(4.000000e-01) 6.378869e-01 -3.630853e+00 -4.233973e+00 0.272354 0.841374 -0.466812 -0.925414 0.096190 -0.366547 -0.263500 0.531825 0.804817  6.351521e-01 4.280950e-01 3.172133e-01
RCUBE(4.000000e-01) -1.990283e+00 -3.483653e+00 2.311745e+00 -0.989635 0.143518 -0.005045 -0.105680 -0.704031 0.702262 0.097235 0.695516 0.711901  8.846006e-01 1.495456e-01 2.024308e-01
RCUBE(4.000000e-01) 7.537095e-01 6.416829e+00 -8.722774e-01 -0.265424 -0.963922 0.020102 0.961821 -0.266173 -0.063654 0.066708 0.002439 0.997770  3.442420e-01 3.874088e-01 5.837838e-01
RCUBE(4.000000e-01) -1.940471e+00 -1.451449e+00 3.071393e+00 0.967236 0.216211 0.133071 -0.210484 0.389850 0.896501 0.141956 -0.895137 0.422586  6.471466e-01 3.956406e-01 4.019279e-01
RCUBE(4.000000e-01) 5.679477e-01 1.890421e+00 -6.190092e+00 0.062643 0.261535 -0.963159 0.058913 0.962403 0.265161 0.996296 -0.073353 0.044880  5.797251e-01 3.772235e-01 3.873816e-01
RCUBE(4.000000e-01) -2.717091e+00 4.544715e+00 -3.763959e+00 -0.639180 -0.693589 -0.332240 -0.303957 0.624671 -0.719303 0.706441 -0.358778 -0.610098  3.537400e-01 3.350927e-01 3.720906e-01
RCUBE(4.000000e-01) -5.497925e+00 1.022889e+00 -4.977846e+00 0.433920 0.826647 -0.358286 0.634992 -0.562717 -0.529277 -0.639139 0.002155 -0.769088  2.830427e-01 5.164731e-01 4.262727e-01
RCUBE(4.000000e-01) -6.892377e+00 -1.137545e+00 2.793496e+00 0.321900 -0.805143 0.498121 -0.919935 -0.141602 0.365608 -0.223832 -0.575928 -0.786261  6.435108e-01 3.797489e-01 3.274066e-01
RCUBE(4.000000e-01) 3.094756e+00 -3.411334e+00 -4.619605e+00 -0.438719 0.514216 0.736958 -0.352026 0.656206 -0.667436 -0.826803 -0.552245 -0.106872  5.177396e-01 2.323439e-01 3.778184e-01
RCUBE(4.000000e-01) 5.557224e-03 -6.755361e-01 -7.488884e+00 0.581004 0.810298 -0.076498 -0.017134 -0.081791 -0.996502 -0.813720 0.580282 -0.033637  2.597884e-01 2.102058e-01 8.522964e-01
RCUBE(4.000000e-01) -1.232934e-01 -4.047796e+00 2.122338e+00 -0.088244 -0.709892 0.698760 0.406951 0.614590 0.675774 -0.909178 0.343994 0.234657  6.557500e-01 3.012067e-01 3.132411e-01
RCUBE(4.000000e-01) -5.088200e+00 -2.203939e-01 -2.375182e+00 -0.129486 0.929938 -0.344163 0.100489 -0.332992 -0.937560 -0.986476 -0.155985 -0.050330  6.263736e-01 3.620470e-01 4.185106e-01
RCUBE(4.000000e-01) -4.991941e+00 -5.584039e-01 3.035463e+00 0.026223 0.222058 0.974681 -0.738750 0.661174 -0.130757 -0.673469 -0.716617 0.181383  2.681883e-01 1.632180e-01 8.163214e-01
RCUBE(4.000000e-01) 3.396334e+00 -2.513641e+00 -1.911091e+00 0.243192 0.181448 0.952856 0.656541 0.692325 -0.299401 -0.714011 0.698401 0.049240  2.668696e-01 2.682552e-01 7.529267e-01
RCUBE(4.000000e-01) -7.327225e+00 3.260678e-01 -1.632597e+00 -0.116666 -0.887337 0.446119 0.131100 -0.459015 -0.878703 0.984481 -0.044028 0.169881  7.136982e-01 3.736173e-01 3.178401e-01
RCUBE(4.000000e-01) 3.168783e-01 4.824752e+00 2.765217e+00 -0.610597 0.219825 -0.760821 0.753162 0.458136 -0.472080 0.244784 -0.861271 -0.445300  3.473032e-01 5.541703e-01 3.633654e-01
RCUBE(4.000000e-01) -4.255916e+00 2.102357e+00 5.817111e+00 -0.522956 0.251074 0.814542 0.158265 -0.910412 0.382234 0.837538 0.328805 0.436369  4.248915e-01 6.014948e-01 3.608511e-01
RCUBE(4.000000e-01) 1.519501e-01 2.627718e+00 5.609271e-01 0.461503 0.886123 0.042437 0.559757 -0.253749 -0.788849 -0.688249 0.387811 -0.613120  1.724662e-01 6.040010e-01 4.234195e-01
RCUBE(4.000000e-01) 5.451527e-01 1.055984e+00 7.397734e+00 0.997189 -0.069256 -0.028584 -0.041548 -0.193681 -0.980184 0.062347 0.978617 -0.196014  5.250933e-01 3.786178e-01 4.041016e-01
RCUBE(4.000000e-01) 3.496743e-01 -7.454578e+00 -8.947877e-01 -0.533436 0.070476 -0.842899 0.845766 0.057629 -0.530432 0.011192 -0.995847 -0.090348  2.884383e-01 8.071703e-01 2.550582e-01
RCUBE(4.000000e-01) 2.915587e+00 2.233030e+00 -6.566346e+00 -0.836305 0.514601 -0.189154 -0.395522 -0.805194 -0.441842 -0.379678 -0.294700 0.876924  4.505592e-01 3.743117e-01 5.420706e-01
RCUBE(4.000000e-01) 2.933826e+00 2.877003e+00 2.418604e+00 -0.586365 0.394811 -0.707319 0.565079 -0.426271 -0.706384 -0.580398 -0.813890 0.026851  2.386552e-01 5.039767e-01 3.604500e-01
RCUBE(4.000000e-01) 2.567047e+00 3.683417e+00 -4.477264e-01 0.315147 -0.079485 0.945708 -0.533414 -0.839029 0.107236 0.784953 -0.538249 -0.306816  1.933490e-01 4.233783e-01 6.901107e-01
RCUBE(4.000000e-01) 1.072178e+00 5.289396e+00 -1.301333e+00 0.375803 0.921204 -0.100769 0.387014 -0.057212 0.920297 0.842016 -0.384850 -0.378020  2.457130e-01 5.625008e-01 5.599211e-01
RCUBE(4.000000e-01) 5.402146e+00 1.368153e+00 -9.624548e-02 -0.976471 0.016345 0.215030 0.205051 -0.238400 0.949273 0.066779 0.971030 0.229439  5.303492e-01 5.053929e-01 3.553999e-01
RCUBE(4.000000e-01) -7.341956e+00 -1.385454e+00 6.883753e-01 0.038695 0.537787 0.842192 -0.266028 0.817951 -0.510084 -0.963188 -0.204309 0.174717  7.191812e-01 2.811407e-01 3.830837e-01
RCUBE(4.000000e-01) 4.375103e+00 1.481123e+00 -1.897507e+00 -0.161084 0.281151 -0.946048 -0.213616 -0.945776 -0.244697 -0.963546 0.162674 0.212408  5.361255e-01 4.591983e-01 4.605156e-01
RCUBE(4.000000e-01) 1.326785e+00 4.001655e+00 -1.986418e+00 -0.135290 0.346656 -0.928184 -0.808835 0.502426 0.305538 0.572261 0.792084 0.212415  3.752864e-01 3.264596e-01 6.581102e-01
RCUBE(4.000000e-01) -9.640533e-01 -1.618920e+00 7.278373e+00 0.984703 -0.146911 0.093691 0.125217 0.222730 -0.966805 0.121166 0.963747 0.237719  5.378062e-01 4.208836e-01 4.427630e-01
RCUBE(4.000000e-01) -6.246499e+00 -3.022948e+00 2.820877e+00 -0.269365 -0.004823 -0.963026 -0.900481 -0.353270 0.253640 -0.341431 0.935509 0.090816  3.114084e-01 5.007538e-01 5.977777e-01
RCUBE(4.000000e-01) -2.893645e+00 -3.576484e-01 -2.273996e+00 -0.386271 -0.206675 -0.898933 0.900300 0.127510 -0.416174 0.200636 -0.970065 0.136816  4.008150e-01 6.482114e-01 3.942339e-01
RCUBE(4.000000e-01) 2.462395e+00 2.043276e+00 -2.244601e+00 -0.119235 0.655833 -0.745430 -0.972982 0.072320 0.219260 0.197708 0.751434 0.629491  8.040197e-01 2.611118e-01 2.362442e-01
RCUBE(4.000000e-01) 4.461345e+00 2.393801e+00 -5.563714e+00 -0.767155 -0.044860 -0.639892 0.597493 0.312994 -0.738266 0.233401 -0.948695 -0.213311  3.265210e-01 7.311864e-01 2.326227e-01
RCUBE(4.000000e-01) 3.561269e+00 3.862286e+00 -1.786466e+00 0.797200 -0.555723 -0.235889 0.209560 -0.111710 0.971394 -0.566177 -0.823828 0.027402  2.218830e-01 3.577614e-01 7.603582e-01
RCUBE(4.000000e-01) -2.987288e+00 -3.037334e+00 1.798452e+00 -0.915804 -0.356881 0.184226 -0.196008 0.797517 0.570568 -0.350547 0.486419 -0.800321  6.328509e-01 3.576216e-01 3.652356e-01
RCUBE(4.000000e-01) -7.283446e+00 5.655751e-01 1.734591e+00 0.975184 -0.010381 -0.221154 0.124283 -0.800999 0.585623 -0.183224 -0.598576 -0.779831  7.882583e-01 3.242446e-01 2.170974e-01
RCUBE(4.000000e-01) -3.945295e+00 -6.228461e-01 -1.874120e-01 0.246600 -0.940391 0.234207 0.233470 0.292200 0.927421 -0.940574 -0.174021 0.291610  5.079972e-01 5.073099e-01 4.558362e-01
RCUBE(4.000000e-01) 3.561790e+00 -7.493155e-01 3.781430e+00 -0.517573 0.845921 0.128596 0.568355 0.227545 0.790693 0.639602 0.482330 -0.598554  1.723217e-01 5.429783e-01 4.515679e-01
RCUBE(4.000000e-01) 3.260840e-01 -2.973414e+00 6.886456e+00 -0.003084 -0.430672 0.902503 0.649492 -0.687099 -0.325663 0.760363 0.585164 0.281836  3.745018e-01 1.923164e-01 6.383039e-01
RCUBE(4.000000e-01) 7.592907e-01 4.962662e+00 -2.417762e+00 0.182832 -0.695829 0.694546 -0.660049 -0.610447 -0.437824 0.728634 -0.378386 -0.570891  3.939448e-01 3.586806e-01 3.501831e-01
RCUBE(4.000000e-01) 4.248908e+00 9.946280e-01 6.120031e+00 -0.096463 -0.980697 0.170084 0.823998 -0.174537 -0.539039 0.558320 0.088152 0.824929  3.007170e-01 7.767311e-01 3.055787e-01
RCUBE(4.000000e-01) -5.077539e+00 2.145964e+00 8.540946e-01 0.905947 -0.407701 0.114193 -0.064184 -0.398841 -0.914771 0.418499 0.821405 -0.387496  5.483397e-01 2.306176e-01 5.718957e-01
RCUBE(4.000000e-01) 6.602863e+00 -1.015743e+00 -3.428627e+00 0.914423 -0.128364 -0.383866 0.388370 0.011116 0.921436 -0.114013 -0.991665 0.060018  3.186821e-01 6.736340e-01 3.867681e-01
RCUBE(4.000000e-01) 5.294606e+00 3.714282e-01 1.658171e+00 0.315910 0.253237 -0.914369 0.948280 -0.115833 0.295546 -0.031071 -0.960444 -0.276733  5.186189e-01 5.637277e-01 3.459037e-01
RCUBE(4.000000e-01) -8.936221e-01 -4.517670e+00 4.845896e+00 0.376516 0.546698 0.747902 0.802508 0.210859 -0.558139 -0.462835 0.810346 -0.359337  4.495892e-01 4.639410e-01 3.441599e-01
RCUBE(4.000000e-01) -3.304005e+00 5.653338e-01 3.325933e+00 0.944052 0.314399 0.099591 -0.257947 0.892074 -0.371037 -0.205496 0.324589 0.923262  5.712421e-01 3.796293e-01 5.030041e-01
RCUBE(4.000000e-01) -8.591214e-01 -8.075753e-01 -6.413295e+00 0.894763 -0.386096 -0.224342 -0.279493 -0.092409 -0.955690 0.348257 0.917818 -0.190596  3.747611e-01 4.736766e-01 6.012360e-01
RCUBE(4.000000e-01) 2.520807e+00 5.610199e+00 4.309868e+00 0.305380 0.722803 0.619918 0.275891 -0.690254 0.668904 0.911387 -0.033240 -0.410205  6.598325e-01 3.228877e-01 1.920805e-01
RCUBE(4.000000e-01) -6.160214e+00 -2.098341e+00 -1.269686e-01 0.961012 0.183761 -0.206611 -0.127366 0.957413 0.259111 0.245426 -0.222694 0.943490  5.165887e-01 5.012396e-01 4.340265e-01
RCUBE(4.000000e-01) -5.809498e+00 2.949256e+00 -3.742369e+00 -0.402341 0.240571 0.883316 0.465482 0.884585 -0.028895 -0.788320 0.399542 -0.467887  2.727431e-01 5.426346e-01 5.396475e-01
RCUBE(4.000000e-01) -6.455650e+00 2.859378e+00 2.578333e+00 0.853724 -0.413057 -0.317079 0.509464 0.536601 0.672686 -0.107713 -0.735828 0.668547  5.575670e-01 3.634662e-01 3.115256e-01
RCUBE(4.000000e-01) 4.921584e-01 -2.302235e+00 6.086805e+00 -0.676495 -0.648407 -0.349174 0.030114 -0.498092 0.866601 -0.735831 0.575736 0.356483  3.671675e-01 1.878226e-01 5.801746e-01
RCUBE(4.000000e-01) -2.215071e+00 -3.671093e+00 5.317331e+00 0.979166 0.152292 0.134321 0.191172 -0.468310 -0.862635 -0.068468 0.870341 -0.487667  7.221022e-01 3.652773e-01 3.235037e-01
RCUBE(4.000000e-01) -4.992316e+00 -3.080601e+00 -2.854289e+00 -0.092364 -0.826973 0.554603 0.661564 0.365308 0.654892 -0.744179 0.427394 0.513354  3.878420e-01 5.174461e-01 2.253535e-01
RCUBE(4.000000e-01) 1.109805e+00 5.392804e+00 -3.494201e+00 0.060975 -0.738644 0.671332 0.575106 0.575718 0.581208 -0.815804 0.350647 0.459903  5.061528e-01 3.970512e-01 3.146521e-01
RCUBE(4.000000e-01) -3.989164e+00 3.569682e-01 5.431244e-01 -0.017875 -0.313566 -0.949398 0.961270 0.255804 -0.102585 0.275027 -0.914462 0.296849  5.644575e-01 3.365072e-01 5.203007e-01
RCUBE(4.000000e-01) -2.999765e+00 6.361535e-01 5.846255e+00 -0.066571 -0.930996 0.358908 -0.953120 -0.047080 -0.298909 0.295180 -0.361980 -0.884217  5.927580e-01 5.197174e-01 2.734085e-01
RCUBE(4.000000e-01) 4.336974e+00 -3.412971e-01 -4.807546e+00 0.174364 0.956612 0.233433 0.635300 -0.290414 0.715580 0.752324 0.023528 -0.658373  3.121493e-01 7.582046e-01 2.153388e-01
RCUBE(4.000000e-01) 2.663578e+00 3.722721e+00 1.699429e+00 0.534606 0.820596 -0.202035 -0.689806 0.285602 -0.665281 -0.488225 0.495028 0.718737  2.943797e-01 5.070939e-01 3.452512e-01
RCUBE(4.000000e-01) 3.746650e+00 -1.148205e+00 -5.245260e+00 -0.292398 -0.891562 -0.345862 0.488135 -0.450152 0.747722 -0.822331 0.049806 0.566826  4.491665e-01 5.938376e-01 2.589654e-01
RCUBE(4.000000e-01) 6.133547e+00 1.247469e+00 1.807582e+00 0.968862 0.143815 0.201554 -0.118450 -0.445623 0.887350 0.217431 -0.883594 -0.414712  6.672314e-01 3.763322e-01 3.937446e-01
RCUBE(4.000000e-01) 4.340594e+00 -2.623119e+00 -4.124722e+00 -0.709580 0.338934 0.617754 0.521484 -0.336993 0.783894 0.473868 0.878384 0.062375  2.419775e-01 5.875193e-01 4.107072e-01
RCUBE(4.000000e-01) -2.755484e+00 -6.475273e+00 2.528250e+00 -0.026855 -0.313145 -0.949326 -0.286653 -0.907373 0.307415 -0.957658 0.280383 -0.065396  5.632983e-01 3.005594e-01 5.331844e-01
RCUBE(4.000000e-01) 2.111213e+00 2.543164e+00 3.270511e+00 -0.576553 0.361947 0.732517 -0.817028 -0.247439 -0.520807 -0.007251 -0.898759 0.438382  4.442035e-01 6.129049e-01 2.167493e-01
RCUBE(4.000000e-01) -5.627740e+00 -4.761366e-01 -3.362184e+00 -0.236300 -0.846606 0.476886 0.018985 -0.494714 -0.868849 0.971495 -0.196256 0.132973  7.117006e-01 2.862269e-01 3.981986e-01
RCUBE(4.000000e-01) -9.513523e-01 -7.360031e+00 -1.058920e+00 -0.954954 0.258624 0.145520 0.105786 -0.161478 0.981190 0.277257 0.952386 0.126846  4.377625e-01 4.212968e-01 5.628856e-01
RCUBE(4.000000e-01) -1.969162e+00 2.975426e+00 -6.573759e+00 0.741310 -0.499962 -0.447770 -0.078891 0.597620 -0.797889 0.666510 0.626808 0.403578  3.960780e-01 2.557131e-01 4.786450e-01
RCUBE(4.000000e-01) 4.688730e+00 -4.258147e+00 4.043242e+00 -0.610179 -0.789765 -0.062864 0.478163 -0.303841 -0.824039 0.631697 -0.532871 0.563034  2.495153e-01 4.561390e-01 5.106942e-01
RCUBE(4.000000e-01) -4.118563e+00 -4.405182e+00 -4.394464e+00 0.785185 -0.455815 -0.419186 0.199650 0.827098 -0.525403 0.586194 0.328848 0.740429  4.203876e-01 4.964935e-01 3.328714e-01
RCUBE(4.000000e-01) -3.904464e+00 1.058993e+00 5.199474e+00 0.269836 -0.923983 0.271007 -0.221288 0.214409 0.951347 -0.937134 -0.316678 -0.146611  4.895029e-01 4.336955e-01 5.427272e-01
RCUBE(4.000000e-01) -3.865417e+00 -2.538009e+00 8.862304e-02 0.199730 -0.934260 -0.295407 -0.937203 -0.270125 0.220643 -0.285935 0.232787 -0.929544  5.045811e-01 4.935601e-01 4.753501e-01
RCUBE(4.000000e-01) 2.658056e+00 -1.635905e+00 -2.046287e+00 0.420051 -0.671596 0.610341 -0.170800 0.602026 0.779995 -0.891283 -0.431884 0.138173  6.168633e-01 1.895634e-01 4.143087e-01
RCUBE(4.000000e-01) 1.199164e+00 -2.754791e+00 1.851578e-02 -0.599682 -0.662973 0.448161 0.728509 -0.684032 -0.037088 0.331145 0.304248 0.893183  3.420702e-01 3.045477e-01 6.255003e-01
RCUBE(4.000000e-01) 5.056249e+00 -6.502279e-01 2.150132e+00 -0.831492 0.472240 -0.292594 0.055774 0.594988 0.801797 0.552731 0.650368 -0.521066  5.177557e-01 2.330189e-01 4.683628e-01
RCUBE(4.000000e-01) -5.416962e-01 8.201830e-01 -4.412465e+00 -0.869058 -0.450250 -0.204973 -0.491504 0.832923 0.254290 0.056233 0.321738 -0.945157  4.424752e-01 3.096763e-01 6.527790e-01
RCUBE(4.000000e-01) -2.699615e+00 2.147364e+00 -6.689076e+00 -0.604976 -0.796193 -0.008959 -0.360001 0.283544 -0.888821 0.710213 -0.534490 -0.458168  2.265629e-01 4.250936e-01 6.038295e-01
RCUBE(4.000000e-01) -4.354828e+00 1.261146e+00 -9.487230e-01 -0.570442 -0.586731 0.574755 0.154206 0.610827 0.776602 -0.806732 0.531637 -0.257964  4.912877e-01 2.449734e-01 4.471986e-01
RCUBE(4.000000e-01) 1.379406e+00 -5.258438e+00 1.510476e+00 -0.090358 0.034252 0.995320 0.045188 -0.998238 0.038455 0.994884 0.048451 0.088651  3.956561e-01 4.415036e-01 4.044175e-01
RCUBE(4.000000e-01) -4.406654e+00 -1.950900e+00 -4.397271e+00 0.764211 -0.459735 -0.452355 -0.590547 -0.216800 -0.777337 0.259299 0.861186 -0.437176  3.554624e-01 5.476206e-01 3.835859e-01
RCUBE(4.000000e-01) -4.650247e+00 4.502987e+00 7.667373e-01 0.726015 -0.682103 -0.087392 -0.177134 -0.062698 -0.982188 0.664474 0.728563 -0.166343  2.081320e-01 2.205594e-01 8.456775e-01
RCUBE(4.000000e-01) 8.963854e-01 2.394034e+00 -1.185449e-01 0.631393 -0.313595 -0.709225 0.447564 0.894247 0.003042 0.633269 -0.319345 0.704975  1.577117e-01 6.287546e-01 3.262304e-01
RCUBE(4.000000e-01) 2.753917e-01 7.319615e+00 -1.710156e+00 -0.770635 0.187856 0.608960 -0.634945 -0.144670 -0.758891 -0.054464 -0.971484 0.230766  2.884345e-01 7.917134e-01 2.393779e-01
RCUBE(4.000000e-01) 6.479827e+00 -6.006984e-01 -4.091491e-01 0.014228 -0.706064 0.708005 -0.134762 -0.702971 -0.698335 0.990776 -0.085476 -0.105153  8.912387e-01 1.950120e-01 1.909020e-01
RCUBE(4.000000e-01) -4.201839e+00 6.124964e+00 -1.208225e+00 -0.813335 -0.575112 -0.087934 -0.558094 0.813939 -0.161355 0.164370 -0.082160 -0.982971  2.866158e-01 2.899067e-01 7.953638e-01
RCUBE(4.000000e-01) -6.752617e+00 -2.551691e+00 -2.127391e+00 -0.422704 0.476625 0.770811 -0.122968 0.812504 -0.569839 -0.897887 -0.335658 -0.284839  6.018863e-01 4.174472e-01 3.118218e-01
RCUBE(4.000000e-01) 4.827440e+00 2.246826e+00 1.501944e+00 -0.201403 0.519524 -0.830380 0.835672 0.533373 0.131017 0.510969 -0.667538 -0.541575  5.161168e-01 1.655785e-01 5.067705e-01
RCUBE(4.000000e-01) -2.421127e+00 9.022995e-02 3.978296e+00 -0.205250 0.834317 -0.511653 -0.925785 -0.335091 -0.175031 -0.317482 0.437755 0.841175  6.228826e-01 3.818105e-01 4.026201e-01
RCUBE(4.000000e-01) -3.427636e+00 1.313008e+00 -4.360991e+00 0.664376 -0.584592 -0.465679 0.745098 0.469205 0.474000 -0.058597 -0.661891 0.747306  4.123244e-01 3.216132e-01 4.152524e-01
RCUBE(4.000000e-01) -2.865885e-01 -1.895145e-01 3.795741e-01 0.293727 -0.548401 0.782931 -0.329372 0.710837 0.621470 -0.897351 -0.440418 0.028164  6.219655e-01 2.220560e-01 4.006085e-01
RCUBE(4.000000e-01) -3.963893e+00 5.187983e+00 2.148351e-01 0.427095 -0.891530 0.150879 0.225670 0.266682 0.936992 -0.875593 -0.366135 0.315090  4.002554e-01 4.562865e-01 5.935967e-01
RCUBE(4.000000e-01) -1.939983e+00 4.887510e+00 -5.379698e+00 -0.895945 0.102982 0.432061 -0.268151 0.650064 -0.710994 -0.354087 -0.752869 -0.554807  6.239014e-01 3.549179e-01 2.582027e-01
RCUBE(4.000000e-01) -5.870551e-01 1.804832e+00 2.330409e+00 -0.310898 0.306174 0.899778 -0.343663 0.846427 -0.406764 -0.886137 -0.435683 -0.157932  5.021140e-01 3.868500e-01 5.382249e-01
RCUBE(4.000000e-01) 5.898358e+00 8.216711e-02 -4.658123e+00 0.119918 -0.980796 0.153818 0.786478 -0.000701 -0.617618 0.605865 0.195037 0.771290  2.948408e-01 8.161815e-01 2.117667e-01
RCUBE(4.000000e-01) -1.286516e+00 6.370279e+00 -6.474070e-01 -0.238653 0.963576 -0.120690 -0.004532 0.123174 0.992375 0.971094 0.237380 -0.025029  4.380867e-01 3.451002e-01 5.538784e-01
RCUBE(4.000000e-01) 4.914570e+00 1.442867e+00 -4.059100e+00 -0.640254 -0.192488 0.743655 0.401419 0.741556 0.537548 -0.654933 0.642684 -0.397516  2.990917e-01 4.005541e-01 4.035508e-01
RCUBE(4.000000e-01) 4.356296e+00 4.847765e-01 -2.135554e+00 -0.683863 0.325710 -0.652875 -0.215062 -0.945056 -0.246205 -0.697195 -0.027962 0.716336  2.740369e-01 7.331814e-01 2.837444e-01
RCUBE(4.000000e-01) -5.481542e-01 1.339841e+00 3.872365e+00 0.492725 -0.417450 -0.763516 -0.865856 -0.147787 -0.477967 0.086689 0.896602 -0.434270  5.138872e-01 5.835878e-01 1.869294e-01
RCUBE(4.000000e-01) 3.172425e+00 3.961936e+00 -5.449324e+00 0.819596 0.118731 0.560504 -0.095680 -0.936190 0.338220 0.564896 -0.330833 -0.755938  4.153134e-01 6.840481e-01 1.686149e-01
RCUBE(4.000000e-01) -4.724302e-01 -9.488287e-01 -3.581618e+00 -0.288330 0.269006 0.918968 0.933540 -0.134513 0.332278 0.212998 0.953699 -0.212343  4.839216e-01 5.580204e-01 4.213146e-01
RCUBE(4.000000e-01) 2.244090e+00 2.946006e+00 5.392691e-01 -0.618495 -0.776897 0.117879 0.596763 -0.561992 -0.572747 0.511212 -0.283895 0.811212  2.557836e-01 4.457847e-01 4.968234e-01
RCUBE(4.000000e-01) 1.592235e+00 2.514974e+00 -2.893213e+00 -0.213571 -0.756939 -0.617601 0.110531 -0.646850 0.754564 -0.970654 0.092889 0.221814  7.932028e-01 2.641088e-01 2.545984e-01
RCUBE(4.000000e-01) -3.269350e+00 -6.768771e+00 1.105694e-01 -0.455041 -0.890213 0.021426 0.178582 -0.114803 -0.977205 0.872380 -0.440842 0.211216  3.037484e-01 4.060795e-01 6.956785e-01
RCUBE(4.000000e-01) -6.241041e+00 2.258134e-01 4.199254e+00 -0.460827 -0.592582 -0.660670 -0.311143 0.805052 -0.505056 0.831161 -0.027180 -0.555368  5.151039e-01 4.710282e-01 2.042401e-01
RCUBE(4.000000e-01) 2.641883e+00 8.588805e-01 -2.224125e+00 0.509685 -0.638086 0.577120 -0.771494 -0.042059 0.634845 -0.380813 -0.768815 -0.513717  4.449708e-01 4.412734e-01 2.882712e-01
RCUBE(4.000000e-01) -3.530328e+00 -1.869860e+00 -5.169160e+00 -0.238158 0.336544 -0.911054 0.827179 -0.421300 -0.371861 -0.508975 -0.842166 -0.178046  3.810993e-01 4.234055e-01 5.951039e-01
RCUBE(4.000000e-01) -3.428565e+00 4.302749e+00 -5.210275e-01 -0.658686 -0.610649 0.439591 0.698013 -0.714046 0.054006 0.280910 0.342413 0.896573  3.182841e-01 3.217506e-01 6.324505e-01
RCUBE(4.000000e-01) 9.705897e-01 -3.363903e+00 -5.537543e+00 0.801558 -0.302322 0.515855 -0.237994 0.630143 0.739107 -0.548511 -0.715207 0.433145  4.731667e-01 3.294772e-01 3.711371e-01
RCUBE(4.000000e-01) -4.054440e+00 1.136043e-01 6.337027e+00 -0.045875 -0.998917 -0.007761 0.842157 -0.042852 0.537528 -0.537278 0.018123 0.843210  2.344561e-01 8.219225e-01 2.620643e-01
RCUBE(4.000000e-01) 1.764323e-01 1.587069e+00 -4.290481e+00 -0.807210 -0.551938 -0.209229 -0.578906 0.671069 0.463178 -0.115238 0.495005 -0.861214  4.643816e-01 1.526945e-01 5.608378e-01
RCUBE(4.000000e-01) -1.794089e+00 4.139991e+00 3.161080e+00 0.361956 -0.771845 -0.522726 0.722806 0.586486 -0.365493 0.588676 -0.245537 0.770177  3.396245e-01 4.231702e-01 4.204260e-01
RCUBE(4.000000e-01) 5.904934e-01 1.621361e-01 -1.558127e+00 -0.737971 0.132100 0.661776 0.551866 -0.446256 0.704485 0.388385 0.885102 0.256423  3.409448e-01 6.067964e-01 2.927588e-01
RCUBE(4.000000e-01) -3.080235e-01 -5.318953e+00 -1.809137e+00 0.847194 -0.391043 0.359649 -0.367425 -0.920201 -0.135015 0.383746 -0.017760 -0.923268  2.751175e-01 5.544580e-01 5.632816e-01
RCUBE(4.000000e-01) -3.004174e-01 3.228858e+00 1.462469e+00 0.334029 -0.855227 -0.396247 0.333970 -0.285733 0.898232 -0.881413 -0.432371 0.190177  4.875572e-01 4.123539e-01 5.325255e-01
RCUBE(4.000000e-01) 7.407027e+00 1.167158e+00 -4.409443e-02 -0.999757 -0.011349 -0.018884 0.008212 -0.987310 0.158589 -0.020444 0.158396 0.987164  4.987282e-01 3.750099e-01 3.670850e-01
RCUBE(4.000000e-01) 2.488985e+00 -3.131010e+00 -2.530251e+00 -0.687316 -0.643590 0.336732 -0.328879 -0.137608 -0.934293 0.647638 -0.752899 -0.117083  2.086690e-01 3.471599e-01 7.051746e-01
RCUBE(4.000000e-01) -4.939714e+00 -1.470133e+00 4.007751e+00 -0.195036 0.820943 0.536670 -0.671309 0.287188 -0.683277 -0.715057 -0.493534 0.495094  3.422593e-01 5.086517e-01 2.866952e-01
RCUBE(4.000000e-01) 2.125606e+00 -5.171715e+00 -3.268502e-01 0.714396 -0.699578 0.015124 0.697965 0.713955 0.055799 -0.049834 -0.029306 0.998327  1.554875e-01 1.501613e-01 9.529107e-01
RCUBE(4.000000e-01) -1.834970e+00 -7.307508e-01 2.232018e+00 -0.956515 -0.238031 -0.168585 0.263130 -0.454753 -0.850860 0.125866 -0.858220 0.497611  6.762382e-01 3.872671e-01 3.588697e-01
RCUBE(4.000000e-01) -1.072434e+00 4.472218e+00 2.315295e-01 0.887955 0.245263 0.389079 0.246682 -0.967947 0.047186 0.388180 0.054079 -0.919995  2.721593e-01 6.354943e-01 4.721236e-01
RCUBE(4.000000e-01) -1.797339e+00 1.115895e+00 -4.220302e+00 0.758062 0.553982 0.344160 -0.074625 0.597919 -0.798075 -0.647899 0.579308 0.494600  4.245674e-01 2.507775e-01 4.809453e-01
RCUBE(4.000000e-01) 5.854091e+00 -1.678743e+00 2.346781e+00 0.045169 -0.676450 -0.735102 -0.847829 0.363221 -0.386336 0.528342 0.640691 -0.557108  5.508037e-01 3.182447e-01 3.738695e-01
RCUBE(4.000000e-01) 7.403346e+00 9.566537e-02 1.285608e+00 0.027928 0.994363 -0.102288 0.138483 -0.105190 -0.984763 -0.989971 0.013337 -0.140640  4.440157e-01 4.773042e-01 3.733029e-01
RCUBE(4.000000e-01) -2.001929e+00 1.246156e+00 5.695232e+00 0.940237 0.072626 0.332686 -0.334056 0.386200 0.859800 -0.066040 -0.919551 0.387381  5.919539e-01 5.294010e-01 2.479751e-01
RCUBE(4.000000e-01) -8.489273e-01 -7.049709e+00 2.445480e+00 0.416352 0.330769 0.846902 -0.076813 -0.915350 0.395265 0.905953 -0.229623 -0.355700  5.305625e-01 5.567047e-01 3.369159e-01
RCUBE(4.000000e-01) 1.702828e+00 -3.919568e+00 3.557073e+00 0.713124 -0.423139 -0.558934 -0.144491 0.691460 -0.707818 0.685985 0.585523 0.431957  3.761155e-01 3.533531e-01 3.695099e-01
RCUBE(4.000000e-01) -2.619008e+00 -8.747110e-01 -6.993013e+00 -0.290069 -0.928294 0.232658 0.879268 -0.354489 -0.318160 0.377821 0.112280 0.919045  3.803435e-01 5.501336e-01 5.216220e-01
RCUBE(4.000000e-01) 3.911222e+00 -6.766956e-01 2.385413e+00 -0.748183 -0.264504 0.608490 0.152362 -0.961086 -0.230434 0.645762 -0.079696 0.759368  2.502047e-01 7.645112e-01 2.900345e-01
RCUBE(4.000000e-01) -3.472667e+00 2.300260e+00 -3.736898e+00 -0.348345 0.610241 -0.711521 0.411175 0.781615 0.469056 0.842373 -0.129166 -0.523187  5.276236e-01 4.197894e-01 2.793427e-01
RCUBE(4.000000e-01) -2.115891e+00 1.211327e-01 -5.310654e+00 0.175840 0.704988 -0.687075 -0.758941 -0.347435 -0.550724 -0.626968 0.618289 0.473951  4.313164e-01 3.690363e-01 3.360973e-01
RCUBE(4.000000e-01) -4.760831e+00 7.935956e-01 -2.841075e+00 -0.498190 -0.689606 0.525596 -0.866990 0.388068 -0.312620 0.011617 -0.611430 -0.791213  5.700810e-01 2.430039e-01 4.331349e-01
RCUBE(4.000000e-01) 2.323903e+00 4.225587e-02 -1.324733e+00 0.414601 -0.702022 0.579026 0.620211 0.683609 0.384730 -0.665916 0.199609 0.718827  3.238507e-01 3.590916e-01 3.808559e-01
RCUBE(4.000000e-01) -5.410933e-01 7.486257e+00 1.762820e-01 0.981162 0.079955 0.175866 -0.095749 0.991920 0.083224 -0.167791 -0.098495 0.980890  4.246266e-01 5.002573e-01 4.220007e-01
RCUBE(4.000000e-01) 6.141351e+00 2.747899e+00 3.339982e+00 -0.802428 -0.347780 -0.484931 -0.516544 -0.002118 0.856258 -0.298816 0.937574 -0.177945  2.557602e-01 6.566347e-01 4.488463e-01
RCUBE(4.000000e-01) 7.231433e+00 -1.795294e+00 9.033987e-01 -0.983973 0.160655 -0.077379 -0.177930 -0.855935 0.485506 0.011767 0.491493 0.870802  7.406289e-01 2.651133e-01 3.699950e-01
RCUBE(4.000000e-01) -8.244918e-02 -3.908239e+00 5.207484e+00 0.739235 -0.555134 -0.381257 0.031122 0.593684 -0.804096 0.672727 0.582551 0.456149  3.992432e-01 2.503066e-01 4.898638e-01
RCUBE(4.000000e-01) 1.497315e+00 -1.777420e+00 -1.529183e+00 -0.724016 -0.674667 0.143612 -0.171437 -0.025664 -0.984861 0.668139 -0.737676 -0.097082  1.587978e-01 2.426794e-01 8.565685e-01
RCUBE(4.000000e-01) -2.276982e-01 1.348510e+00 -2.451818e+00 0.626417 -0.022290 0.779170 0.374165 0.885501 -0.275480 -0.683815 0.464103 0.563032  2.450677e-01 6.049416e-01 4.107646e-01
RCUBE(4.000000e-01) 5.439888e+00 4.732567e+00 -2.103611e+00 0.720068 0.649663 -0.243803 -0.619919 0.760143 0.194637 0.311773 0.010986 0.950093  1.898889e-01 3.274904e-01 7.389857e-01
RCUBE(4.000000e-01) -3.198370e+00 -2.455268e+00 -2.246129e+00 0.807862 -0.301504 -0.506413 -0.047393 0.823227 -0.565730 0.587463 0.481033 0.650765  4.787702e-01 5.042496e-01 2.119928e-01
RCUBE(4.000000e-01) 4.791397e+00 5.479637e+00 -1.782439e+00 0.645396 0.757499 -0.098282 0.731636 -0.650012 -0.205409 -0.219481 0.060664 -0.973729  1.541359e-01 2.905734e-01 8.080374e-01
RCUBE(4.000000e-01) 6.844972e-01 3.718981e+00 2.757351e+00 -0.462311 0.707813 -0.534106 0.016262 -0.595471 -0.803212 -0.886569 -0.380020 0.263783  5.988266e-01 2.157210e-01 4.378575e-01
RCUBE(4.000000e-01) -2.588827e+00 -3.671085e+00 -6.034387e+00 -0.249690 -0.775952 0.579269 0.352516 0.484328 0.800724 -0.901880 0.404135 0.152604  6.115573e-01 3.291405e-01 3.918723e-01
RCUBE(4.000000e-01) -3.132722e+00 1.392867e+00 -9.677546e-01 -0.149376 -0.581272 -0.799881 -0.756044 0.588499 -0.286471 0.637247 0.561954 -0.527375  4.235921e-01 2.295189e-01 4.842533e-01
RCUBE(4.000000e-01) 5.946209e+00 2.208596e+00 -2.118065e+00 0.557659 0.740345 0.375374 -0.021961 0.465220 -0.884923 -0.829779 0.485242 0.275693  4.677235e-01 2.399654e-01 5.815698e-01
RCUBE(4.000000e-01) -2.650988e+00 3.277960e+00 6.221699e+00 -0.930498 -0.193733 -0.310871 0.365666 -0.441496 -0.819371 0.021491 -0.876098 0.481653  6.231219e-01 4.797746e-01 2.829632e-01
RCUBE(4.000000e-01) -4.009757e+00 1.996483e+00 4.786510e+00 -0.865838 -0.326298 -0.379281 0.212796 -0.926253 0.311083 -0.452816 0.188638 0.871421  4.159956e-01 5.900157e-01 4.339010e-01
RCUBE(4.000000e-01) -6.169220e+00 -3.391570e+00 -2.603800e+00 -0.064111 0.732989 -0.677212 0.786845 0.454525 0.417471 0.613812 -0.506097 -0.605889  4.657139e-01 3.904659e-01 3.344493e-01
RCUBE(4.000000e-01) -4.588221e-01 -2.454677e+00 -4.873993e+00 -0.951895 0.305943 0.017179 0.259582 0.834903 -0.485340 -0.162829 -0.457533 -0.874157  6.649000e-01 2.852125e-01 4.448704e-01
