2000 
-11.000000 11.000000
-11.000000 11.000000
-11.000000 11.000000
RCUBE(7.000000e-01) -1.372180e+00 -7.150254e+00 -2.759205e+00 -0.101517 0.443103 -0.890704 0.218293 0.883431 0.414605 0.970589 -0.152345 -0.186409  3
RCUBE(7.000000e-01) -4.225829e-01 6.790048e-01 2.990694e-01 -0.769390 -0.366819 -0.522957 0.261449 -0.927801 0.266138 -0.582824 0.068037 0.809745  0
RCUBE(7.000000e-01) 4.649729e+00 -2.586010e+00 2.038346e+00 -0.714840 0.430934 -0.550727 0.660193 0.156251 -0.734663 -0.230540 -0.888753 -0.396194  0
RCUBE(7.000000e-01) 3.115166e+00 5.978909e+00 -3.960542e+00 -0.923951 0.290395 -0.248967 -0.042926 0.568047 0.821876 0.380094 0.770060 -0.512383  0
RCUBE(7.000000e-01) -5.991724e+00 3.376994e-01 3.111568e+00 0.898286 -0.153769 -0.411628 0.438905 0.358944 0.823724 0.021088 -0.920605 0.389925  0
RCUBE(7.000000e-01) -4.141921e+00 -3.062863e+00 -4.451110e+00 0.075118 0.724180 -0.685507 -0.675943 -0.468429 -0.568925 -0.733116 0.506100 0.454317  0
RCUBE(7.000000e-01) -5.383169e+00 1.612378e+00 1.440571e+00 -0.934002 0.297129 0.198382 0.350952 0.659084 0.665163 0.066889 0.690886 -0.719863  0
RCUBE(7.000000e-01) -1.396183e+00 -1.128055e+00 -6.523689e+00 0.067365 -0.988524 0.135209 -0.109801 -0.142039 -0.983752 0.991668 0.051424 -0.118109  0
RCUBE(7.000000e-01) 7.843805e-01 9.292425e-01 -6.675996e+00 -0.020904 -0.987929 -0.153493 -0.038992 -0.152604 0.987518 -0.999021 0.026628 -0.035331  0
RCUBE(7.000000e-01) 4.880477e+00 2.880371e+00 -9.636934e-01 0.862860 0.386246 -0.326018 -0.471184 0.848107 -0.242282 0.182918 0.362669 0.913790  0
RCUBE(7.000000e-01) 5.063093e-01 -6.815706e+00 -3.787195e+00 -0.054848 0.860530 0.506439 -0.995684 -0.009107 -0.092358 -0.074865 -0.509319 0.857315  0
RCUBE(7.000000e-01) 3.483986e+00 6.934977e+00 -8.168122e-01 -0.803594 0.384074 -0.454668 -0.481337 -0.868705 0.116904 -0.350073 0.312792 0.882955  0
RCUBE(7.000000e-01) -4.123453e-01 -1.804609e+00 5.407253e+00 0.987076 0.104186 0.121766 0.051748 0.511908 -0.857481 -0.151670 0.852699 0.499900  0
RCUBE(7.000000e-01) -2.637228e+00 4.432067e+00 -5.862625e+00 0.119097 0.849185 0.514490 0.931471 0.083851 -0.354021 -0.343770 0.521396 -0.781005  0
RCUBE(7.000000e-01) -1.632264e+00 -2.704023e+00 7.152523e+00 -0.241132 0.926068 0.290264 -0.196007 -0.339397 0.919995 0.950493 0.164946 0.263355  0
RCUBE(7.000000e-01) 7.319310e+00 2.596749e+00 -9.510332e-01 -0.352212 0.808206 -0.471964 -0.059128 0.484056 0.873037 0.934051 0.335400 -0.122702  0
RCUBE(7.000000e-01) -2.316548e+00 -7.037317e-02 4.057994e+00 -0.565469 0.053515 0.823031 -0.131580 0.979259 -0.154076 -0.814206 -0.195420 -0.546699  0
RCUBE(7.000000e-01) -1.492993e-01 -3.393172e+00 -3.267163e+00 -0.992857 0.099992 -0.065083 -0.015885 -0.651442 -0.758532 -0.118244 -0.752080 0.648377  0
RCUBE(7.000000e-01) 3.411722e+00 -3.186990e+00 -7.243373e-01 -0.352599 -0.519947 0.778029 0.723628 -0.678666 -0.125599 0.593326 0.518717 0.615545  0
RCUBE(7.000000e-01) -4.696084e+00 -2.231492e+00 2.453934e+00 -0.727987 -0.609687 0.313554 0.514097 -0.182873 0.838010 -0.453584 0.771258 0.446568  0
RCUBE(7.000000e-01) 1.871873e+00 -2.535878e+00 2.241022e+00 -0.655824 -0.149642 0.739934 -0.325765 0.940298 -0.098573 -0.681008 -0.305691 -0.665418  0
RCUBE(7.000000e-01) 6.168117e-01 -7.582893e+00 -1.825917e+00 -0.468011 -0.245138 0.849042 0.078986 -0.968515 -0.236094 0.880186 -0.043432 0.472638  0
RCUBE(7.000000e-01) -3.118590e+00 -4.234305e+00 -5.795278e+00 -0.058575 -0.788747 0.611921 -0.915168 0.287298 0.282715 -0.398794 -0.543450 -0.738665  0
RCUBE(7.000000e-01) 4.877347e+00 -3.069941e+00 3.576923e+00 -0.767564 0.400400 -0.500526 0.608635 0.210386 -0.765050 -0.201023 -0.891862 -0.405182  0
RCUBE(7.000000e-01) 1.281929e+00 3.195412e+00 -7.026548e+00 -0.079295 -0.902085 -0.424211 0.170404 0.407021 -0.897383 0.982179 -0.143445 0.121445  0
RCUBE(7.000000e-01) 2.860294e+00 -7.223831e+00 4.833291e-01 0.586811 0.138894 -0.797723 0.697528 0.413623 0.585124 0.411227 -0.899791 0.145836  0
RCUBE(7.000000e-01) 2.020373e+00 -2.026301e+00 -4.933064e+00 0.906877 0.188563 0.376852 0.024687 0.868988 -0.494217 -0.420671 0.457498 0.783410  0
RCUBE(7.000000e-01) 6.913580e+00 -1.939958e+00 3.111964e+00 -0.881926 0.248848 -0.400352 -0.450724 -0.196456 0.870777 0.138039 0.948409 0.285422  0
RCUBE(7.000000e-01) 4.615056e+00 1.070299e+00 1.202626e+00 -0.574603 -0.521539 -0.630737 0.657663 0.164479 -0.735136 0.487145 -0.837224 0.248487  0
RCUBE(7.000000e-01) 2.782889e+00 1.176308e+00 -1.849568e+00 -0.942867 -0.069840 0.325766 -0.220737 0.863334 -0.453794 -0.249552 -0.499776 -0.829426  0
RCUBE(7.000000e-01) 1.368437e+00 -3.388955e+00 4.460403e+00 -0.260433 0.553472 -0.791103 -0.775781 0.367811 0.512717 0.574751 0.747251 0.333583  0
RCUBE(7.000000e-01) -2.158603e+00 -2.482223e+00 -4.701629e+00 0.018683 -0.621968 0.782820 -0.995411 0.061927 0.072959 -0.093856 -0.780590 -0.617956  0
RCUBE(7.000000e-01) -1.063255e+00 -1.987105e-01 -2.044442e-01 -0.786964 -0.251098 -0.563593 -0.554976 0.687220 0.468754 0.269609 0.681673 -0.680171  0
RCUBE(7.000000e-01) 2.460402e+00 -1.986521e-01 -5.675149e-01 -0.348577 0.908173 -0.231767 -0.675249 -0.414820 -0.609888 -0.650025 -0.056093 0.757840  0
RCUBE(7.000000e-01) 5.582125e+00 -3.031211e+00 -4.559842e+00 0.727105 -0.382744 -0.569935 -0.685812 -0.442805 -0.577569 -0.031309 0.810821 -0.584456  0
RCUBE(7.000000e-01) 5.082939e+00 3.715763e+00 -2.516402e+00 0.755866 0.569970 -0.322181 0.653276 -0.689302 0.313200 -0.043565 -0.447210 -0.893367  0
RCUBE(7.000000e-01) 2.020823e+00 5.398446e+00 3.000307e-01 0.369511 0.928065 0.046440 -0.884039 0.366498 -0.290095 -0.286247 0.066139 0.955870  0
RCUBE(7.000000e-01) 2.540328e-01 1.447974e-01 -7.816033e+00 0.998678 0.041703 0.030037 -0.042111 0.999027 0.013085 -0.029462 -0.014332 0.999463  0
RCUBE(7.000000e-01) 1.575440e+00 2.040696e+00 -8.232753e-01 -0.804659 -0.400358 0.438448 0.585737 -0.656087 0.475880 0.097138 0.639737 0.762431  0
RCUBE(7.000000e-01) 5.611767e+00 5.333385e+00 8.679871e-01 0.353288 -0.298000 -0.886783 0.764213 0.638677 0.089832 0.539598 -0.709428 0.453372  0
RCUBE(7.000000e-01) 4.552999e+00 -4.408838e-01 9.237243e-01 -0.607085 -0.507183 -0.611730 0.444534 -0.854857 0.267601 -0.658664 -0.109478 0.744430  0
RCUBE(7.000000e-01) 2.036645e-01 3.116563e+00 -1.957984e+00 -0.084811 0.682162 -0.726266 -0.010410 -0.729459 -0.683945 -0.996343 -0.050446 0.068967  0
RCUBE(7.000000e-01) 1.540568e-01 2.480104e+00 9.408956e-02 0.372043 -0.926964 -0.048187 0.436211 0.220428 -0.872428 0.819331 0.303561 0.486361  0
RCUBE(7.000000e-01) 4.107684e+00 -2.133045e-01 6.636355e+00 0.555588 -0.017510 0.831273 0.124318 -0.986790 -0.103875 0.822111 0.161054 -0.546072  0
RCUBE(7.000000e-01) -3.959512e+00 1.000827e+00 -2.470331e+00 0.093251 0.804400 0.586724 0.330889 0.530759 -0.780261 -0.939051 0.266901 -0.216673  0
RCUBE(7.000000e-01) -3.016681e+00 7.004678e+00 -1.756351e+00 -0.737131 -0.445106 -0.508447 -0.386248 0.894918 -0.223461 0.554482 0.031667 -0.831593  0
RCUBE(7.000000e-01) 3.404282e+00 -7.028120e+00 -4.037747e-01 -0.513239 -0.292502 0.806863 -0.448658 0.892883 0.038298 -0.731637 -0.342350 -0.589495  0
RCUBE(7.000000e-01) 4.208331e+00 -1.232502e+00 6.450888e+00 -0.575527 0.117967 -0.809229 -0.815766 -0.152273 0.557978 -0.057401 0.981273 0.183871  0
RCUBE(7.000000e-01) -1.800442e-01 6.135750e-01 -4.688530e+00 0.095303 -0.413730 0.905398 -0.992830 0.026418 0.116578 -0.072151 -0.910016 -0.408245  0
RCUBE(7.000000e-01) 3.041958e+00 1.199735e+00 1.262237e+00 0.628069 0.497163 0.598631 0.443740 -0.860777 0.249315 0.639238 0.109049 -0.761238  0
RCUBE(7.000000e-01) -9.330356e-01 4.712811e+00 -9.175865e-01 -0.166420 -0.405729 0.898715 -0.951358 -0.173584 -0.254534 0.259274 -0.897359 -0.357105  0
RCUBE(7.000000e-01) 3.047829e-01 1.762323e+00 2.416037e+00 0.809733 0.274631 0.518565 -0.542861 0.015077 0.839687 0.222786 -0.961431 0.161295  0
RCUBE(7.000000e-01) 6.768680e+00 4.580262e-01 -3.248596e-01 0.030879 -0.946665 0.320737 -0.998434 -0.044192 -0.034312 0.046656 -0.319176 -0.946546  0
RCUBE(7.000000e-01) 9.103212e-01 -2.406303e+00 -5.108700e+00 0.014703 -0.442049 -0.896870 0.036486 0.896607 -0.441321 0.999226 -0.026235 0.029311  0
RCUBE(7.000000e-01) -2.899480e+00 4.086035e+00 4.575459e+00 0.173322 0.798112 -0.577042 -0.433367 0.587942 0.683020 0.884394 0.131688 0.447779  0
RCUBE(7.000000e-01) 2.529846e+00 5.711178e+00 -2.687537e+00 -0.371498 -0.856275 0.358863 0.099072 -0.420879 -0.901690 0.923133 -0.299423 0.241188  0
RCUBE(7.000000e-01) 4.409183e+00 3.460962e+00 1.144536e+00 0.742468 0.625105 0.240799 -0.345165 0.048922 0.937266 0.574109 -0.779006 0.252088  0
RCUBE(7.000000e-01) -6.073865e+00 -2.530045e+00 1.531510e+00 -0.347226 0.846987 0.402551 -0.391260 0.259270 -0.883003 -0.852261 -0.464104 0.241367  0
RCUBE(7.000000e-01) 5.016565e+00 -3.362333e-01 5.997609e+00 0.766165 0.087589 -0.636647 -0.641398 0.042582 -0.766025 -0.039986 0.995246 0.088805  0
RCUBE(7.000000e-01) 4.211275e+00 5.233697e-01 -6.569040e+00 -0.531812 -0.061543 0.844623 -0.844241 -0.039882 -0.534478 0.066578 -0.997307 -0.030748  0
RCUBE(7.000000e-01) 2.256448e+00 5.675534e+00 4.868225e+00 -0.308089 -0.695623 -0.648991 -0.861416 -0.085563 0.500641 -0.403787 0.713293 -0.572860  3
RCUBE(7.000000e-01) 6.772565e+00 3.896814e+00 -4.087324e-01 -0.185792 0.411273 0.892376 -0.470374 0.760139 -0.448260 -0.862687 -0.503034 0.052224  0
RCUBE(7.000000e-01) -9.675513e-01 -1.206580e-01 -2.715171e+00 -0.091081 -0.605897 0.790312 -0.995022 0.087607 -0.047509 -0.040452 -0.790705 -0.610860  0
RCUBE(7.000000e-01) -5.043546e+00 1.182810e+00 -4.393447e+00 -0.129302 0.864833 0.485124 -0.766213 0.223412 -0.602499 -0.629443 -0.449613 0.633758  0
RCUBE(7.000000e-01) 3.686950e+00 -2.529585e+00 -1.560948e+00 -0.177192 -0.674482 0.716713 0.765564 -0.552100 -0.330299 0.618477 0.490163 0.614187  0
RCUBE(7.000000e-01) -2.108096e+00 -6.324401e+00 4.035200e+00 -0.309860 -0.828882 0.465769 0.738944 0.098315 0.666555 -0.598288 0.550716 0.582034  0
RCUBE(7.000000e-01) -2.833467e+00 -6.491161e+00 3.328646e+00 -0.594451 0.556090 0.580855 -0.719331 -0.044865 -0.693217 -0.359431 -0.829911 0.426683  0
RCUBE(7.000000e-01) 6.939330e-01 -6.227571e+00 -4.651196e+00 -0.076777 0.768796 0.634869 -0.994152 -0.010534 -0.107471 -0.075936 -0.639408 0.765109  0
RCUBE(7.000000e-01) -2.874589e+00 -4.665613e+00 1.587096e+00 -0.597893 0.587341 0.545486 0.578096 -0.155459 0.801023 0.555274 0.794269 -0.246591  0
RCUBE(7.000000e-01) 2.850362e+00 6.709108e-01 -6.154868e+00 0.407666 0.066398 -0.910714 0.910672 -0.102715 0.400158 -0.066974 -0.992492 -0.102340  0
RCUBE(7.000000e-01) 2.606418e+00 -2.361166e+00 2.972298e+00 -0.290107 0.943181 -0.162009 0.686301 0.087063 -0.722088 -0.666955 -0.320669 -0.672564  0
RCUBE(7.000000e-01) 2.030175e+00 -2.417445e+00 -3.428897e+00 0.022736 -0.557757 -0.829693 -0.083827 -0.828049 0.554354 -0.996221 0.056947 -0.065581  0
RCUBE(7.000000e-01) -6.543315e+00 1.250266e+00 4.085751e+00 -0.522447 -0.474297 -0.708584 0.844808 -0.175329 -0.505529 0.115536 -0.862729 0.492290  0
RCUBE(7.000000e-01) 1.353915e+00 3.986770e+00 1.994756e+00 -0.563899 -0.699432 -0.439105 0.680471 -0.694795 0.232849 -0.467950 -0.167495 0.867737  0
RCUBE(7.000000e-01) 1.864397e+00 9.504872e-01 4.252750e+00 0.731555 0.069630 -0.678218 -0.652035 -0.219187 -0.725815 -0.199195 0.973195 -0.114946  0
RCUBE(7.000000e-01) 4.363346e+00 -3.534331e+00 -1.328436e+00 0.248203 0.623915 -0.741030 -0.749050 0.608681 0.261594 0.614264 0.490140 0.618420  0
RCUBE(7.000000e-01) -3.911462e+00 -2.015220e+00 -1.487233e+00 0.599922 -0.646969 -0.470664 -0.800020 -0.490892 -0.344953 -0.007871 0.583485 -0.812085  0
RCUBE(7.000000e-01) 5.589192e+00 5.236889e+00 -1.497097e+00 0.123436 -0.456006 -0.881375 -0.727651 -0.645500 0.232062 -0.674750 0.612689 -0.411492  0
RCUBE(7.000000e-01) 3.826058e+00 1.067983e+00 -5.510324e+00 -0.668579 -0.463351 -0.581643 0.586645 0.152037 -0.795444 0.457001 -0.873036 0.170174  0
RCUBE(7.000000e-01) -1.258109e+00 5.917735e+00 -4.924474e+00 0.182312 -0.728623 0.660205 0.208461 0.684837 0.698243 -0.960888 0.010329 0.276743  0
RCUBE(7.000000e-01) 3.700631e+00 1.980427e+00 6.589927e+00 -0.473978 -0.286201 -0.832727 -0.033032 0.950817 -0.307986 0.879917 -0.118471 -0.460120  0
RCUBE(7.000000e-01) 2.669557e+00 4.708463e+00 -5.647641e+00 -0.938560 0.243118 -0.244946 -0.343812 -0.597027 0.724812 0.029976 0.764495 0.643933  0
RCUBE(7.000000e-01) 9.000519e-01 -1.891448e+00 1.361921e+00 0.684451 0.064090 -0.726236 0.273591 -0.945908 0.174373 -0.675777 -0.318041 -0.664963  0
RCUBE(7.000000e-01) -2.478834e+00 -5.487472e+00 -3.086303e+00 0.304949 0.829500 0.467907 0.005492 0.489769 -0.871835 -0.952353 0.268435 0.144799  0
RCUBE(7.000000e-01) -1.870986e-01 5.746993e+00 1.711383e-02 -0.872345 -0.091564 -0.480239 0.477324 0.052893 -0.877134 0.105715 -0.994393 -0.002435  0
RCUBE(7.000000e-01) 7.493068e-01 5.753442e-01 -1.386144e+00 -0.876063 0.339976 0.341949 0.481480 0.655398 0.581920 -0.026274 0.674441 -0.737862  0
RCUBE(7.000000e-01) -4.342805e+00 -1.196678e+00 1.161858e+00 -0.434844 0.748379 0.500839 -0.279883 -0.640950 0.714736 0.855907 0.170622 0.488172  0
RCUBE(7.000000e-01) -1.870928e+00 2.446007e+00 -7.189762e+00 0.970853 0.028811 -0.237936 0.048844 0.948131 0.314105 0.234644 -0.316571 0.919089  0
RCUBE(7.000000e-01) -3.216359e+00 -3.433546e+00 -4.875470e+00 -0.471074 -0.513207 -0.717431 0.104596 0.775091 -0.623132 0.875870 -0.368582 -0.311446  0
RCUBE(7.000000e-01) -8.541441e-01 6.158059e+00 2.696296e+00 -0.789954 0.101629 -0.604685 -0.589283 -0.398380 0.702879 -0.169462 0.911573 0.374590  0
RCUBE(7.000000e-01) 2.758932e+00 2.089219e+00 6.989199e+00 -0.915685 0.095412 0.390406 -0.031395 0.951460 -0.306166 -0.400668 -0.292608 -0.868243  0
RCUBE(7.000000e-01) -6.719093e+00 2.187931e+00 -3.300990e+00 -0.857944 0.351398 -0.374768 0.082149 0.813935 0.575118 0.507132 0.462633 -0.727178  0
RCUBE(7.000000e-01) -2.244292e+00 1.439636e+00 -5.086842e+00 0.958735 0.122469 -0.256570 0.280948 -0.546319 0.789052 -0.043535 -0.828575 -0.558183  0
RCUBE(7.000000e-01) 2.477648e+00 3.895461e+00 -6.300537e+00 0.071428 0.845031 0.529926 0.955746 -0.209995 0.206037 0.285389 0.491758 -0.822634  0
RCUBE(7.000000e-01) -4.751473e-01 -4.444052e+00 3.693086e+00 -0.337651 -0.740459 0.581130 0.646567 0.266230 0.714893 -0.684063 0.617124 0.388864  0
RCUBE(7.000000e-01) 7.532659e-01 -6.462701e+00 1.981867e+00 0.759987 -0.094196 -0.643076 0.639444 0.285455 0.713882 0.116324 -0.953752 0.277175  0
RCUBE(7.000000e-01) 5.426688e+00 1.309446e+00 5.674594e-01 0.674258 0.149044 -0.723300 0.471504 -0.840695 0.266300 -0.568384 -0.520594 -0.637120  0
RCUBE(7.000000e-01) -5.530583e+00 -1.751395e+00 -3.517826e+00 0.304945 0.630509 -0.713770 0.797179 0.241067 0.553527 0.521070 -0.737798 -0.429116  0
RCUBE(7.000000e-01) -4.200794e+00 -3.301410e+00 -2.168358e+00 -0.624632 0.663589 0.411684 -0.776999 -0.475362 -0.412680 -0.078151 -0.577651 0.812534  0
RCUBE(7.000000e-01) 2.886984e+00 4.874586e+00 5.399586e+00 -0.068828 0.757877 -0.648757 -0.369200 -0.623479 -0.689178 -0.926798 0.192086 0.322721  0
RCUBE(7.000000e-01) 5.480413e+00 3.676734e+00 -4.202218e+00 -0.699876 0.582800 -0.412938 0.115861 0.663105 0.739505 0.704805 0.469718 -0.531615  0
RCUBE(7.000000e-01) 5.116768e+00 4.965671e+00 3.226837e+00 0.592391 -0.092459 -0.800327 0.654155 0.635059 0.410830 0.470270 -0.766910 0.436686  0
RCUBE(7.000000e-01) 4.889672e+00 4.642291e+00 4.652482e-01 -0.788840 -0.599077 -0.137252 -0.541444 0.783064 -0.306022 0.290808 -0.167088 -0.942079  0
RCUBE(7.000000e-01) -2.485809e+00 6.888111e+00 -2.659130e+00 -0.322121 0.879141 -0.351211 -0.729181 -0.467003 -0.500204 -0.603766 0.094970 0.791484  0
RCUBE(7.000000e-01) 6.571445e+00 -3.746146e+00 1.966167e+00 0.460081 0.385004 -0.800061 0.830601 -0.505034 0.234611 -0.313732 -0.772471 -0.552142  0
RCUBE(7.000000e-01) 5.019232e+00 1.998791e+00 -4.047759e+00 -0.485163 -0.468089 -0.738587 -0.466997 0.852812 -0.233720 0.739277 0.231526 -0.632349  0
RCUBE(7.000000e-01) 2.462368e+00 -5.148926e+00 -4.072826e-01 -0.454559 0.889419 -0.048069 -0.593380 -0.262130 0.761044 0.664286 0.374462 0.646917  0
RCUBE(7.000000e-01) -3.565982e+00 -2.920372e+00 6.319551e+00 -0.307364 0.922548 0.233306 -0.832527 -0.141950 -0.535489 -0.460897 -0.358824 0.811677  0
RCUBE(7.000000e-01) 4.203263e+00 6.601225e+00 -7.242769e-02 -0.367093 0.243941 0.897628 -0.758837 0.479567 -0.440661 -0.537968 -0.842917 0.009066  0
RCUBE(7.000000e-01) -5.512406e+00 6.817919e-01 -5.503049e+00 0.046772 -0.979515 -0.195866 -0.707032 0.106050 -0.699184 0.705633 0.171186 -0.687588  0
RCUBE(7.000000e-01) 5.675066e+00 -1.993102e+00 3.122839e+00 -0.116636 -0.939838 -0.321094 -0.596238 -0.192299 0.779437 -0.794290 0.282359 -0.537938  0
RCUBE(7.000000e-01) -2.280589e+00 -4.179982e+00 -4.745136e+00 0.089406 0.585875 -0.805455 -0.331660 -0.745028 -0.578736 -0.939153 0.318880 0.127701  0
RCUBE(7.000000e-01) 4.968503e+00 6.018465e+00 3.553263e-01 0.353569 -0.281133 -0.892162 0.677631 -0.580505 0.451475 -0.644829 -0.764184 -0.014745  0
RCUBE(7.000000e-01) 1.670866e+00 1.483662e+00 7.762352e-01 0.655629 0.528011 0.539774 0.384397 -0.848683 0.363285 0.649915 -0.030693 -0.759387  0
RCUBE(7.000000e-01) -3.640333e+00 8.157236e-01 2.904064e+00 -0.068501 -0.930438 0.359990 0.650801 -0.315165 -0.690745 0.756152 0.186965 0.627119  0
RCUBE(7.000000e-01) -1.891936e+00 4.782623e+00 2.625093e+00 0.424864 -0.838514 -0.341153 -0.809702 -0.183475 -0.557423 0.404813 0.513061 -0.756898  0
RCUBE(7.000000e-01) 5.347898e+00 2.013991e+00 -7.022484e-01 0.448350 -0.863978 0.229181 0.099173 0.302893 0.947850 -0.888339 -0.402240 0.221485  0
RCUBE(7.000000e-01) 9.293709e-01 -1.682160e+00 -4.307534e+00 0.997691 -0.067911 0.000158 0.059236 0.869100 -0.491077 0.033212 0.489953 0.871116  0
RCUBE(7.000000e-01) 4.596494e-01 2.217002e-02 -4.310889e-01 -0.789256 0.377245 0.484522 0.102210 -0.697328 0.709427 0.605499 0.609442 0.511812  0
RCUBE(7.000000e-01) 3.092086e+00 -1.236892e+00 -3.340101e+00 0.125595 0.835587 -0.534808 0.759420 -0.427848 -0.490129 -0.638362 -0.344587 -0.688298  0
RCUBE(7.000000e-01) 1.518530e+00 4.816249e+00 4.518233e+00 -0.206307 -0.651944 -0.729662 -0.663730 -0.454676 0.593912 -0.718957 0.606827 -0.338912  0
RCUBE(7.000000e-01) 5.739997e+00 -2.286839e+00 4.796209e+00 -0.141206 -0.948394 -0.283919 -0.656901 -0.124798 0.743577 -0.740636 0.291504 -0.605379  0
RCUBE(7.000000e-01) 1.739657e+00 -5.492470e+00 -3.586133e+00 0.291928 -0.779295 -0.554507 0.179658 0.614120 -0.768491 0.939415 0.124722 0.319286  0
RCUBE(7.000000e-01) -8.050433e-01 3.189154e-01 6.742599e+00 -0.975650 -0.071477 -0.207360 0.062018 -0.996731 0.051775 -0.210383 0.037655 0.976894  0
RCUBE(7.000000e-01) -9.218690e-01 4.260112e+00 6.484778e+00 0.139689 -0.530401 -0.836159 -0.144870 -0.846299 0.512631 -0.979541 0.049525 -0.195058  0
RCUBE(7.000000e-01) -4.805544e+00 2.225088e+00 2.146696e+00 0.487619 0.538841 0.686934 -0.863339 0.414666 0.287571 -0.129893 -0.733282 0.667402  0
RCUBE(7.000000e-01) -7.180037e+00 -1.384755e+00 2.783149e+00 0.403554 -0.351761 0.844635 0.025548 -0.918451 -0.394709 0.914599 0.180865 -0.361658  0
RCUBE(7.000000e-01) 3.349622e+00 5.893392e+00 -3.378949e-01 0.208268 -0.259818 -0.942931 -0.822147 0.475722 -0.312672 0.529810 0.840347 -0.114531  0
RCUBE(7.000000e-01) -3.543596e+00 4.775074e+00 3.269931e+00 -0.847851 -0.167199 -0.503183 0.273799 0.674620 -0.685509 0.454073 -0.718980 -0.526199  0
RCUBE(7.000000e-01) -4.053968e+00 2.014494e+00 9.734741e-01 -0.616595 0.730775 0.292882 -0.306570 -0.565523 0.765636 0.725139 0.382298 0.572732  0
RCUBE(7.000000e-01) -1.988992e-01 4.005225e+00 -4.082307e+00 0.974279 0.005091 -0.225288 -0.168800 0.678808 -0.714651 0.149289 0.734298 0.662208  0
RCUBE(7.000000e-01) -4.259040e-02 5.804413e+00 5.235935e+00 -0.000233 -0.754751 -0.656012 -0.182208 -0.644998 0.742144 -0.983260 0.119704 -0.137371  0
RCUBE(7.000000e-01) 5.282663e+00 -5.258225e+00 -2.381649e+00 0.671632 -0.674260 -0.307057 0.229253 0.583241 -0.779277 0.704524 0.452993 0.546299  0
RCUBE(7.000000e-01) 5.536773e+00 -3.893508e+00 -3.244911e-01 0.310204 0.492300 -0.813274 -0.579004 -0.580668 -0.572344 -0.754008 0.648432 0.104919  0
RCUBE(7.000000e-01) 1.825341e+00 -2.988360e+00 8.654492e-01 -0.668899 -0.091013 0.737761 0.610003 0.499986 0.614745 -0.424820 0.861238 -0.278922  0
RCUBE(7.000000e-01) 1.826204e+00 1.133745e-01 -3.471217e+00 -0.092057 -0.584826 -0.805918 0.177038 0.786847 -0.591209 0.979889 -0.197103 0.031101  0
RCUBE(7.000000e-01) -2.868290e+00 -2.543919e+00 2.816981e+00 0.590441 -0.677806 -0.438130 0.401808 0.717669 -0.568773 0.699950 0.159782 0.696089  0
RCUBE(7.000000e-01) 3.667563e+00 2.233285e+00 -5.260796e+00 0.602759 0.386693 -0.697962 0.534595 -0.845083 -0.006526 -0.592359 -0.369193 -0.716105  0
RCUBE(7.000000e-01) -4.446739e+00 -5.038904e+00 5.790654e-01 -0.628154 -0.766093 0.136104 -0.435306 0.201020 -0.877553 0.644928 -0.610485 -0.459756  0
RCUBE(7.000000e-01) -5.278676e+00 5.583978e+00 -1.452332e+00 0.438841 0.596329 0.672169 -0.685402 0.705883 -0.178758 -0.581071 -0.382259 0.718495  0
RCUBE(7.000000e-01) -1.715541e-01 -5.118842e-01 -4.672206e+00 0.000588 -0.059347 -0.998237 -0.023710 -0.997958 0.059316 -0.999719 0.023633 -0.001994  0
RCUBE(7.000000e-01) 1.555945e-01 4.161867e+00 6.612125e+00 -0.033566 -0.518327 -0.854523 0.060291 0.852398 -0.519406 0.997616 -0.068955 0.002639  0
RCUBE(7.000000e-01) -1.881206e+00 4.199344e+00 1.085681e+00 -0.396383 0.865971 0.304917 -0.389511 -0.459375 0.798283 0.831361 0.197657 0.519394  0
RCUBE(7.000000e-01) -3.325398e-01 5.676134e+00 3.705424e+00 0.088072 -0.836280 -0.541183 -0.847806 0.222289 -0.481470 0.522943 0.501222 -0.689425  0
RCUBE(7.000000e-01) 2.647336e-01 -5.398256e+00 1.904177e+00 0.732681 -0.211806 -0.646774 0.679992 0.188598 0.708549 -0.028095 -0.958942 0.282209  0
RCUBE(7.000000e-01) 4.052352e-02 -1.873181e-01 -2.665158e+00 0.058375 0.886031 0.459936 -0.992106 0.102709 -0.071945 -0.110985 -0.452105 0.885033  0
RCUBE(7.000000e-01) -9.124208e-01 -3.700034e+00 6.821625e+00 -0.986375 0.145017 -0.077684 -0.139393 -0.485918 0.862817 0.087375 0.861889 0.499512  0
RCUBE(7.000000e-01) 2.857146e+00 2.996170e+00 3.828079e+00 0.622598 0.165667 -0.764805 0.412108 -0.900241 0.140477 -0.665236 -0.402643 -0.628761  0
RCUBE(7.000000e-01) 3.807018e+00 -3.290184e+00 -2.810082e+00 -0.715918 0.497816 0.489531 -0.692005 -0.412865 -0.592175 -0.092684 -0.762706 0.640069  0
RCUBE(7.000000e-01) 6.605695e+00 -1.709255e-01 1.493993e+00 0.099991 0.326540 -0.939880 -0.100969 0.943067 0.316906 0.989852 0.063211 0.127268  0
RCUBE(7.000000e-01) -1.534270e+00 3.292525e+00 7.557023e-01 -0.852365 -0.163589 -0.496701 -0.354829 0.878634 0.319527 0.384148 0.448598 -0.806963  0
RCUBE(7.000000e-01) -5.323514e+00 -4.189639e+00 3.909561e+00 -0.682662 -0.540379 0.491898 0.680210 -0.223967 0.697963 -0.266996 0.811067 0.520465  0
RCUBE(7.000000e-01) -4.718773e+00 4.530462e-01 -3.278033e+00 0.827811 -0.418336 0.373797 0.134876 0.795160 0.591209 -0.544553 -0.438993 0.714666  0
RCUBE(7.000000e-01) -3.750530e+00 -5.646371e+00 9.884446e-02 0.427622 -0.204671 0.880482 -0.709967 0.526873 0.467281 -0.559541 -0.824933 0.079993  0
RCUBE(7.000000e-01) -5.447108e-01 -1.664323e-02 -6.759008e+00 -0.007397 -0.990994 -0.133703 -0.169433 0.133015 -0.976524 0.985514 0.015430 -0.168891  0
RCUBE(7.000000e-01) -2.402560e-01 1.009479e+00 -6.723512e+00 -0.999506 0.016271 0.026905 0.020997 0.982332 0.185964 -0.023404 0.186437 -0.982188  0
RCUBE(7.000000e-01) 2.612374e+00 -8.580071e-01 6.190023e+00 0.011374 -0.991517 -0.129479 0.777623 0.090175 -0.622230 0.628627 -0.093609 0.772052  0
RCUBE(7.000000e-01) -8.111368e-01 3.233460e+00 -7.078735e+00 -0.105742 0.407455 -0.907083 -0.991162 0.030296 0.129152 0.080104 0.912723 0.400650  0
RCUBE(7.000000e-01) -6.418665e-01 5.625848e+00 9.872331e-01 0.463758 0.237629 -0.853499 0.200345 -0.966533 -0.160239 -0.863012 -0.096682 -0.495845  0
RCUBE(7.000000e-01) 1.104326e+00 6.202343e-01 3.610236e+00 -0.258459 0.964115 -0.060668 -0.664428 -0.131828 0.735634 0.701238 0.230441 0.674657  0
RCUBE(7.000000e-01) 2.470399e+00 7.359656e+00 9.727344e-01 0.825746 -0.336462 0.452700 0.317100 0.940675 0.120738 -0.466468 0.043852 0.883451  0
RCUBE(7.000000e-01) 9.078132e-02 2.450250e+00 4.235778e+00 0.830719 0.197833 0.520354 -0.530528 -0.001851 0.847665 0.168659 -0.980234 0.103419  0
RCUBE(7.000000e-01) 4.625245e+00 -6.269256e+00 -6.484375e-01 0.664272 0.446580 0.599424 0.596200 -0.800240 -0.064508 0.450875 0.400227 -0.797828  0
RCUBE(7.000000e-01) 1.651806e+00 1.984048e-01 -1.788044e+00 -0.903663 0.276145 0.327319 -0.428086 -0.561651 -0.708019 -0.011677 -0.779931 0.625756  0
RCUBE(7.000000e-01) -2.308522e+00 1.657784e-01 1.370742e+00 -0.803884 -0.235040 -0.546376 0.217295 0.739058 -0.637634 0.553672 -0.631309 -0.543044  0
RCUBE(7.000000e-01) -3.356392e+00 -3.213333e+00 -6.272328e+00 0.399954 0.394760 0.827165 0.178226 -0.918761 0.352298 0.899040 0.006519 -0.437818  0
RCUBE(7.000000e-01) -4.023994e+00 5.710233e+00 -3.472076e+00 -0.225949 -0.670779 -0.706401 -0.826954 -0.251197 0.503039 -0.514873 0.697822 -0.497946  0
RCUBE(7.000000e-01) 1.387790e+00 5.923473e-01 -4.570550e-02 0.633709 0.191293 -0.749547 0.600854 0.488559 0.632681 0.487225 -0.851303 0.194665  0
RCUBE(7.000000e-01) 1.733496e+00 2.159421e+00 7.306453e+00 0.026443 -0.959952 0.278914 -0.981527 0.027955 0.189270 -0.189487 -0.278766 -0.941480  0
RCUBE(7.000000e-01) -4.060650e-01 5.261946e+00 2.252433e+00 0.301968 -0.888161 -0.346389 0.841511 0.077595 0.534639 -0.447968 -0.452934 0.770828  0
RCUBE(7.000000e-01) 2.098646e+00 6.748358e+00 -3.307310e+00 0.081246 -0.457727 -0.885373 -0.280873 -0.862823 0.420294 -0.956300 0.214530 -0.198664  0
RCUBE(7.000000e-01) 7.017289e+00 -2.675651e+00 2.156782e+00 -0.120747 -0.844039 -0.522512 -0.411430 -0.436474 0.800135 -0.903408 0.311590 -0.294560  0
RCUBE(7.000000e-01) 6.570661e+00 1.688460e+00 -3.899522e+00 -0.838962 -0.219112 0.498129 -0.466216 0.761528 -0.450241 -0.280686 -0.609971 -0.741047  0
RCUBE(7.000000e-01) -9.836052e-01 -3.724762e+00 5.589440e+00 0.087414 -0.839524 -0.536245 0.984195 -0.010441 0.176780 -0.154010 -0.543223 0.825342  0
RCUBE(7.000000e-01) 3.872876e+00 -2.262081e+00 1.355648e+00 0.720142 -0.291317 0.629706 0.104838 0.942851 0.316291 -0.685860 -0.161758 0.709528  0
RCUBE(7.000000e-01) 7.329616e+00 2.033586e+00 -1.837436e+00 -0.064475 -0.532395 -0.844037 0.937041 0.258597 -0.234695 0.343216 -0.806029 0.482203  0
RCUBE(7.000000e-01) 1.545916e+00 6.500972e+00 1.278575e+00 -0.868322 0.274882 -0.412864 -0.210248 -0.957888 -0.195567 -0.449235 -0.083011 0.889549  0
RCUBE(7.000000e-01) 4.207156e+00 1.167355e+00 -1.240895e+00 0.395540 -0.877643 0.270721 0.335375 0.412422 0.847014 -0.855027 -0.244235 0.457469  0
RCUBE(7.000000e-01) -1.050202e+00 1.286493e+00 -3.166976e+00 -0.992897 -0.003345 0.118930 -0.059436 -0.851992 -0.520170 0.103068 -0.523544 0.845742  0
RCUBE(7.000000e-01) -2.421555e+00 -1.249221e+00 -6.237168e+00 0.291358 0.190170 0.937521 0.953920 0.015747 -0.299649 -0.071748 0.981625 -0.176818  0
RCUBE(7.000000e-01) 3.631261e+00 -1.545107e+00 2.674707e+00 -0.696455 0.362933 -0.619056 0.143797 0.915761 0.375106 0.703046 0.172226 -0.689975  0
RCUBE(7.000000e-01) -2.208503e+00 -3.297077e+00 -4.056345e+00 0.942257 -0.258371 -0.213064 -0.334824 -0.739525 -0.583948 -0.006691 0.621568 -0.783332  0
RCUBE(7.000000e-01) 6.715743e-01 -2.505380e+00 -1.857762e-01 -0.685715 -0.423006 -0.592336 -0.354314 0.904853 -0.236014 0.635812 0.048035 -0.770348  0
RCUBE(7.000000e-01) 7.264500e+00 -1.303661e+00 -2.588344e+00 -0.927463 0.163089 0.336472 -0.064687 0.816313 -0.573976 -0.368276 -0.554108 -0.746550  0
RCUBE(7.000000e-01) 2.450145e+00 -2.281213e+00 1.410357e+00 -0.701705 -0.134102 0.699734 0.452637 -0.842365 0.292475 0.550209 0.521956 0.651791  0
RCUBE(7.000000e-01) 5.232840e+00 -3.776199e-01 -4.235293e+00 -0.609273 -0.410006 -0.678735 0.197016 -0.907382 0.371272 -0.768096 0.092485 0.633621  0
RCUBE(7.000000e-01) -3.817888e+00 2.097918e+00 -6.491086e+00 -0.033738 -0.952373 -0.303064 0.490473 -0.279987 0.825253 -0.870803 -0.120803 0.476560  0
RCUBE(7.000000e-01) 3.850828e-03 -2.003296e+00 -3.153271e+00 -0.992863 0.108319 0.049895 0.052748 0.774090 -0.630874 -0.106959 -0.623740 -0.774279  0
RCUBE(7.000000e-01) -4.562374e+00 2.925725e-01 7.457300e-01 -0.539249 0.704655 0.461163 0.813099 0.293063 0.502975 0.219274 0.646200 -0.730988  0
RCUBE(7.000000e-01) -2.671757e+00 9.962429e-02 5.072495e+00 0.810977 0.158677 0.563150 0.152230 -0.986596 0.058768 0.564927 0.038069 -0.824262  0
RCUBE(7.000000e-01) 3.208374e+00 2.898269e+00 -1.889998e+00 -0.628331 0.733515 -0.259145 -0.126572 -0.425067 -0.896269 -0.767580 -0.530353 0.359925  0
RCUBE(7.000000e-01) -2.304451e+00 1.146100e+00 8.347363e-01 -0.539151 0.735629 0.410081 -0.312150 -0.626772 0.713946 0.782227 0.256918 0.567551  0
RCUBE(7.000000e-01) 5.198542e+00 1.651077e+00 1.790842e+00 -0.674977 -0.126983 0.726829 0.572548 0.531204 0.624508 -0.465397 0.837674 -0.285847  0
RCUBE(7.000000e-01) -1.519325e+00 5.296351e+00 5.489193e-01 0.861414 0.105019 0.496928 0.440232 0.333559 -0.833627 -0.253302 0.936861 0.241100  0
RCUBE(7.000000e-01) 5.100089e+00 -4.846832e-01 -2.577304e+00 0.033106 -0.890273 0.454221 0.767445 -0.268495 -0.582185 0.640260 0.367864 0.674347  0
RCUBE(7.000000e-01) 8.710941e-01 -3.384413e+00 -1.412870e+00 -0.694162 0.499558 0.518247 -0.133993 -0.797063 0.588843 0.707237 0.339312 0.620228  0
RCUBE(7.000000e-01) -2.883764e+00 1.593581e+00 -7.095636e+00 -0.011349 -0.977110 -0.212430 -0.932219 -0.066510 0.355731 -0.361717 0.202069 -0.910126  0
RCUBE(7.000000e-01) -4.555427e+00 3.286036e+00 -3.849662e+00 -0.677184 0.466771 -0.568812 0.040432 0.795475 0.604636 0.734702 0.386451 -0.557555  0
RCUBE(7.000000e-01) 1.749397e+00 -1.322529e+00 5.320898e+00 0.362715 -0.164500 0.917266 -0.931244 -0.027050 0.363391 -0.034965 -0.986006 -0.163001  0
RCUBE(7.000000e-01) -3.294185e+00 -5.744715e+00 -1.397268e+00 -0.585400 -0.794531 -0.161332 0.768190 -0.479958 -0.423704 0.259213 -0.371970 0.891317  0
RCUBE(7.000000e-01) 7.630552e+00 1.623427e+00 -6.184211e-01 0.974835 0.209510 -0.076171 -0.218703 0.832608 -0.508855 -0.043190 0.512709 0.857476  0
RCUBE(7.000000e-01) 4.625604e+00 -3.599527e+00 -3.422488e+00 0.662999 -0.467355 -0.584817 -0.748608 -0.409560 -0.521389 0.004156 0.783480 -0.621404  0
RCUBE(7.000000e-01) -1.370152e+00 -5.250957e+00 1.932567e+00 0.217742 0.891018 -0.398340 0.692927 0.146296 0.706010 0.687343 -0.429749 -0.585556  0
RCUBE(7.000000e-01) 3.975503e+00 -4.278552e+00 5.208965e+00 0.507004 -0.546255 0.666747 0.358377 0.837103 0.413310 -0.783909 0.029397 0.620180  0
RCUBE(7.000000e-01) -1.944163e+00 3.418840e+00 -2.618329e+00 0.213579 -0.576338 0.788809 0.092066 0.815720 0.571073 -0.972578 -0.049347 0.227281  0
RCUBE(7.000000e-01) 2.605942e+00 2.771589e+00 -5.622274e+00 0.057439 0.873540 0.483351 0.913042 -0.241788 0.328472 0.403802 0.422453 -0.811466  0
RCUBE(7.000000e-01) 5.368084e+00 4.039676e-01 1.865684e+00 -0.669534 -0.180917 0.720412 0.731743 -0.327242 0.597884 0.127582 0.927460 0.351484  0
RCUBE(7.000000e-01) -2.085635e+00 -2.354226e+00 3.484338e+00 0.383733 0.711180 -0.589043 0.527426 -0.692388 -0.492362 -0.758004 -0.121741 -0.640787  0
RCUBE(7.000000e-01) -4.209170e+00 5.328280e-01 -5.312805e+00 -0.760434 -0.382204 0.525033 -0.592246 0.076459 -0.802122 0.266431 -0.920909 -0.284501  0
RCUBE(7.000000e-01) -6.198805e+00 3.326765e+00 3.394445e+00 0.576737 0.468952 0.668923 0.093010 0.775808 -0.624076 -0.811618 0.422145 0.403819  0
RCUBE(7.000000e-01) 2.714819e+00 -4.860399e+00 3.916342e+00 -0.796190 0.047008 0.603217 0.391086 -0.720730 0.572363 0.461663 0.691620 0.555454  0
RCUBE(7.000000e-01) 2.424416e+00 3.735742e+00 -5.148502e+00 -0.332554 -0.545315 0.769441 -0.940820 0.248333 -0.230627 -0.065313 -0.800601 -0.595628  0
RCUBE(7.000000e-01) -6.018267e+00 3.445040e+00 -3.625853e+00 0.771945 -0.438231 0.460494 -0.616457 -0.339225 0.710568 -0.155182 -0.832394 -0.532014  0
RCUBE(7.000000e-01) 6.028964e+00 -7.861505e-01 -4.892585e+00 0.772021 -0.086152 -0.629731 -0.235289 0.881647 -0.409070 0.590443 0.463979 0.660379  0
RCUBE(7.000000e-01) -6.820967e+00 -1.517119e-02 -3.836496e+00 -0.871698 -0.003769 -0.490029 -0.265040 0.844720 0.464975 0.412185 0.535195 -0.737340  0
RCUBE(7.000000e-01) 2.148147e+00 -7.501348e+00 -2.781242e-01 -0.316948 0.948405 0.008524 0.743300 0.242801 0.623339 0.589108 0.203902 -0.781905  0
RCUBE(7.000000e-01) 9.756917e-01 3.592301e+00 6.272282e-01 -0.440277 -0.051248 0.896398 0.893260 0.075945 0.443078 -0.090784 0.995794 0.012341  0
RCUBE(7.000000e-01) 6.092678e+00 1.195371e+00 -2.730390e+00 0.356540 0.322643 0.876801 -0.887546 -0.176133 0.425723 0.291790 -0.929988 0.223562  0
RCUBE(7.000000e-01) -2.130085e+00 -2.424532e+00 -3.411229e+00 -0.966850 0.221794 0.126525 0.252021 0.749181 0.612547 0.041069 0.624128 -0.780242  0
RCUBE(7.000000e-01) -1.223477e+00 -4.576438e+00 -1.644788e+00 -0.090535 0.773212 -0.627651 0.981974 0.174312 0.073092 0.165923 -0.609720 -0.775056  0
RCUBE(7.000000e-01) -6.475914e+00 -2.765953e+00 3.376479e+00 0.117670 -0.889178 -0.442171 -0.824620 -0.335586 0.455394 -0.553313 0.311037 -0.772723  0
RCUBE(7.000000e-01) 2.300048e+00 1.894035e+00 3.378432e+00 0.637788 0.041550 -0.769090 -0.730003 -0.285806 -0.620815 -0.245605 0.957386 -0.151953  0
RCUBE(7.000000e-01) 3.293885e+00 -2.181769e+00 6.755220e+00 -0.421380 0.279061 -0.862881 -0.898996 -0.003317 0.437943 0.119351 0.960268 0.252273  0
RCUBE(7.000000e-01) 4.107514e+00 -2.746331e+00 2.899699e+00 0.711600 -0.350303 0.609027 -0.160997 -0.925073 -0.343976 0.683890 0.146721 -0.714680  0
RCUBE(7.000000e-01) -1.594775e+00 -6.708746e+00 -3.694935e+00 0.978064 -0.175197 -0.112679 -0.014759 0.481292 -0.876436 0.207780 0.858874 0.468149  0
RCUBE(7.000000e-01) 1.931081e+00 2.207004e+00 -4.944654e+00 0.131173 -0.885699 -0.445344 0.340970 0.462126 -0.818645 0.930878 -0.044464 0.362615  0
RCUBE(7.000000e-01) -1.216282e+00 4.283213e+00 1.133370e-01 -0.364680 -0.394826 0.843280 -0.899371 -0.085166 -0.428812 0.241124 -0.914800 -0.324036  0
RCUBE(7.000000e-01) -3.581067e+00 1.757128e+00 2.488845e+00 0.072752 0.933311 -0.351623 -0.835767 -0.135336 -0.532144 -0.544243 0.332589 0.770184  0
RCUBE(7.000000e-01) -4.277423e+00 1.599777e+00 -5.027136e+00 -0.108317 0.867278 0.485897 0.613901 -0.326086 0.718884 0.781916 0.376160 -0.497102  0
RCUBE(7.000000e-01) 4.539101e+00 -1.597047e+00 -6.159273e+00 -0.182277 0.896600 -0.403589 -0.586644 0.230232 0.776429 0.789065 0.378289 0.484019  0
RCUBE(7.000000e-01) -4.077776e+00 -5.332425e+00 -9.008294e-01 0.252801 -0.366554 0.895394 0.598427 0.786435 0.152992 -0.760248 0.497151 0.418167  0
RCUBE(7.000000e-01) 3.591958e+00 -6.427752e+00 2.619003e+00 -0.554457 -0.561175 -0.614541 0.482793 -0.818377 0.311721 -0.677856 -0.123860 0.724686  0
RCUBE(7.000000e-01) 4.345562e+00 -1.853544e+00 3.323426e+00 -0.704488 0.340805 -0.622534 -0.691197 -0.130401 0.710804 0.161066 0.931047 0.327430  0
RCUBE(7.000000e-01) 5.815178e+00 1.338227e-01 -3.530102e+00 0.223603 -0.910707 0.347296 0.510877 0.412959 0.753970 -0.830064 0.008835 0.557598  0
RCUBE(7.000000e-01) 6.929257e+00 2.857915e+00 2.190475e+00 -0.272064 0.861360 -0.429000 0.391829 -0.308021 -0.866945 -0.878892 -0.403959 -0.253705  0
RCUBE(7.000000e-01) 7.640692e+00 -1.634201e+00 4.199653e-01 0.161118 0.559190 -0.813233 -0.138925 -0.802944 -0.579639 -0.977108 0.206369 -0.051684  0
RCUBE(7.000000e-01) 2.264331e+00 4.158714e+00 4.870803e+00 -0.311872 -0.574548 -0.756723 -0.671663 -0.430001 0.603297 -0.672015 0.696415 -0.251797  0
RCUBE(7.000000e-01) 4.490393e-01 -2.760315e+00 3.748743e+00 0.337732 -0.940279 -0.042580 0.686384 0.215078 0.694707 -0.644060 -0.263851 0.718031  0
RCUBE(7.000000e-01) 4.853278e+00 6.951444e-01 6.099323e+00 -0.122224 0.992423 -0.012531 0.621037 0.086321 0.779013 0.774192 0.087432 -0.626883  0
RCUBE(7.000000e-01) -4.257208e+00 -6.306624e+00 1.795870e+00 0.543346 0.809973 -0.220726 0.591128 -0.555821 -0.584493 -0.596107 0.187104 -0.780800  0
RCUBE(7.000000e-01) -6.571798e+00 -3.459807e+00 2.411781e+00 -0.841299 -0.418271 0.342441 -0.495731 0.344355 -0.797289 0.215561 -0.840517 -0.497055  0
RCUBE(7.000000e-01) -4.014267e+00 -3.235016e+00 2.590040e+00 0.433910 -0.774879 -0.459657 -0.603483 0.128852 -0.786896 0.668977 0.618837 -0.411716  0
RCUBE(7.000000e-01) 9.420375e-01 -1.632982e+00 4.320770e+00 0.272621 -0.900614 -0.338485 -0.943258 -0.319512 0.090419 -0.189582 0.294629 -0.936618  0
RCUBE(7.000000e-01) 5.234204e+00 1.780821e+00 -1.702523e+00 0.926485 0.302614 -0.223719 0.109506 0.351968 0.929584 0.360048 -0.885744 0.292955  0
RCUBE(7.000000e-01) 2.364399e+00 -6.072464e+00 -1.898240e+00 0.836053 0.218111 0.503432 -0.386655 -0.416763 0.822683 0.389248 -0.882460 -0.264102  0
RCUBE(7.000000e-01) 2.806526e+00 -6.502521e+00 3.327547e+00 -0.546680 -0.556813 -0.625380 -0.361815 0.830622 -0.423269 0.755136 -0.005121 -0.655548  0
RCUBE(7.000000e-01) -4.313521e+00 3.128932e+00 5.731980e+00 0.065884 0.895762 -0.439624 0.549893 -0.400235 -0.733096 -0.832633 -0.193447 -0.518942  0
RCUBE(7.000000e-01) -7.081704e+00 -2.393622e+00 -2.314553e+00 0.903823 0.308271 0.296771 0.419321 -0.776294 -0.470677 0.085286 0.549851 -0.830897  0
RCUBE(7.000000e-01) -2.105537e+00 6.282651e+00 8.775821e-01 0.246268 -0.965506 -0.084556 0.800080 0.153281 0.579981 -0.547014 -0.210482 0.810230  0
RCUBE(7.000000e-01) 1.146371e-01 -8.152336e-01 7.783013e+00 -0.999872 -0.008986 0.013233 0.014094 -0.103733 0.994505 -0.007564 0.994565 0.103846  0
RCUBE(7.000000e-01) -2.074228e+00 1.218352e+00 -3.032705e+00 -0.056932 0.557372 -0.828309 -0.059966 -0.830065 -0.554433 -0.996576 0.018105 0.080680  0
RCUBE(7.000000e-01) 1.038636e+00 5.762756e+00 5.182270e+00 0.962503 -0.247955 0.110031 -0.245870 -0.626013 0.740038 -0.114615 -0.739342 -0.663504  3
RCUBE(7.000000e-01) -2.450651e+00 -5.891582e+00 -4.530913e+00 -0.949092 0.237573 0.206841 -0.314486 -0.752098 -0.579177 0.017968 -0.614741 0.788524  0
RCUBE(7.000000e-01) -3.510614e+00 -1.387181e+00 6.073169e-02 0.048048 -0.504356 0.862158 0.534473 -0.716206 -0.448762 0.843819 0.482362 0.235153  0
RCUBE(7.000000e-01) 1.002571e+00 -1.200578e+00 -4.784024e-02 -0.596193 -0.411308 -0.689478 -0.227104 0.910123 -0.346555 0.770051 -0.050030 -0.636018  0
RCUBE(7.000000e-01) -1.506105e+00 3.261997e+00 4.458593e+00 0.175032 0.830518 -0.528776 0.477938 -0.541216 -0.691853 -0.860778 -0.131625 -0.491666  0
RCUBE(7.000000e-01) 5.113952e+00 4.176509e+00 -1.581608e+00 -0.732668 -0.642878 0.223396 0.679405 -0.671536 0.295718 -0.040092 0.368439 0.928787  0
RCUBE(7.000000e-01) 2.720292e-01 -1.975969e+00 2.150805e+00 0.675851 0.084027 -0.732233 0.208687 -0.974641 0.080775 -0.706877 -0.207399 -0.676248  0
RCUBE(7.000000e-01) 5.373020e+00 -1.373492e+00 -3.922702e+00 -0.650057 -0.396583 -0.648188 0.752882 -0.220596 -0.620086 0.102928 -0.891100 0.441980  0
RCUBE(7.000000e-01) -2.252247e-01 2.204606e+00 9.880849e-01 -0.429414 -0.231433 0.872951 0.810421 0.327797 0.485559 -0.398525 0.915963 0.046797  0
RCUBE(7.000000e-01) 4.185504e+00 -1.372536e+00 1.821112e+00 -0.130169 -0.927763 -0.349732 -0.684938 -0.170895 0.708276 -0.716880 0.331740 -0.613214  0
RCUBE(7.000000e-01) 4.411384e+00 -8.699867e-01 3.616070e+00 -0.704515 -0.124057 0.698762 0.701433 -0.271471 0.659011 0.107939 0.954418 0.278273  0
RCUBE(7.000000e-01) -6.420040e+00 -3.924976e-01 -2.065731e+00 -0.948343 0.007691 -0.317153 0.187390 -0.793090 -0.579562 -0.255988 -0.609055 0.750681  0
RCUBE(7.000000e-01) -4.116873e-01 -6.514822e-01 5.695925e+00 0.111857 -0.993195 0.032424 -0.171563 0.012838 0.985089 -0.978802 -0.115752 -0.168960  0
RCUBE(7.000000e-01) 3.223920e+00 -5.809384e+00 -1.367649e+00 0.494006 -0.844519 -0.206748 -0.782792 -0.328515 -0.528502 0.378411 0.422924 -0.823371  0
RCUBE(7.000000e-01) 4.793800e+00 -4.219645e+00 -4.507563e+00 -0.056822 -0.754647 0.653666 -0.771958 -0.381986 -0.508102 0.633129 -0.533474 -0.560850  0
RCUBE(7.000000e-01) -4.554608e+00 -3.518567e+00 2.524031e-01 -0.832360 -0.553417 -0.030109 -0.495317 0.718403 0.488424 -0.248671 0.421458 -0.872087  0
