2000 α=0.8 
-11.000000 11.000000
-11.000000 11.000000
-11.000000 11.000000
RCUBE(8.000000e-01) -3.699195e+00 1.767121e+00 3.908486e+00 0.271983 0.872589 -0.405726 -0.683342 -0.121726 -0.719880 -0.677546 0.473044 0.563170  3.199972e-01 5.892596e-01 3.322422e-01
RCUBE(8.000000e-01) 3.977318e+00 4.763808e+00 -4.860243e+00 0.452792 -0.781290 -0.429611 0.753115 0.077208 0.653343 -0.477281 -0.619375 0.623360  4.146509e-01 4.553203e-01 3.101800e-01
RCUBE(8.000000e-01) 4.762494e+00 -6.233568e+00 6.704831e-01 0.489801 0.263347 -0.831110 -0.609291 -0.578450 -0.542365 -0.623585 0.772039 -0.122871  2.531851e-01 4.342645e-01 5.250914e-01
RCUBE(8.000000e-01) -3.404496e+00 1.830184e+00 -2.496761e+00 0.444978 0.793681 -0.414809 -0.470061 0.601254 0.646170 0.762258 -0.092546 0.640623  4.211183e-01 4.687321e-01 2.958541e-01
RCUBE(8.000000e-01) 1.632083e-02 -3.220392e+00 -2.121574e+00 0.773222 0.326324 0.543728 0.150360 0.738635 -0.657123 -0.616052 0.589857 0.522063  4.504715e-01 4.066312e-01 3.027827e-01
RCUBE(8.000000e-01) -3.344988e+00 -2.162135e+00 -5.524692e+00 0.806803 -0.455909 -0.375787 -0.559439 -0.384969 -0.734049 0.189994 0.802462 -0.565647  4.625998e-01 4.548352e-01 3.246584e-01
RCUBE(8.000000e-01) -2.892354e+00 -1.744908e+00 5.885733e+00 -0.373282 -0.122598 0.919582 0.123499 -0.988974 -0.081718 0.919461 0.083064 0.384307  3.712707e-01 6.629150e-01 3.721896e-01
RCUBE(8.000000e-01) 3.000975e-01 -6.509005e-01 5.686073e+00 -0.484595 -0.741903 0.463409 0.607502 0.095726 0.788529 -0.629372 0.663639 0.404319  2.656638e-01 3.980066e-01 4.655786e-01
RCUBE(8.000000e-01) -1.501699e+00 -3.622685e+00 -1.537602e+00 -0.755567 -0.319510 -0.571866 -0.629889 0.594081 0.500307 0.179882 0.738228 -0.650124  4.285761e-01 4.074653e-01 2.967758e-01
RCUBE(8.000000e-01) -2.713819e-01 -7.359292e+00 -2.750378e+00 -0.124137 -0.278018 0.952521 0.032411 0.958298 0.283928 -0.991736 0.066118 -0.109950  5.877229e-01 4.209779e-01 3.642822e-01
RCUBE(8.000000e-01) -1.882233e+00 -5.441086e+00 5.398292e+00 0.224579 0.698476 -0.679482 0.732490 0.338872 0.590444 0.642669 -0.630315 -0.435523  3.983225e-01 3.616275e-01 3.292148e-01
RCUBE(8.000000e-01) 4.321290e+00 2.011411e+00 -6.729704e-01 -0.740700 -0.629504 0.234708 -0.385781 0.684541 0.618528 -0.550033 0.367598 -0.749890  3.935230e-01 3.059855e-01 4.072089e-01
RCUBE(8.000000e-01) 2.379502e-01 1.502625e+00 2.538010e+00 0.649905 0.087949 0.754910 -0.610042 0.652783 0.449137 -0.453291 -0.752422 0.477899  3.089296e-01 4.186319e-01 4.220727e-01
RCUBE(8.000000e-01) -3.725402e-01 4.736217e+00 4.998758e-01 -0.035387 -0.999343 -0.007818 -0.559238 0.013318 0.828900 -0.828252 0.033705 -0.559342  2.212420e-01 8.439726e-01 2.432969e-01
RCUBE(8.000000e-01) 6.334372e+00 2.703997e+00 -3.701699e+00 0.533390 -0.390950 0.750102 -0.818588 -0.461974 0.341312 0.213092 -0.796077 -0.566439  4.778300e-01 4.363667e-01 3.465995e-01
RCUBE(8.000000e-01) -5.909040e+00 -2.872253e+00 -1.800563e+00 0.155560 -0.485448 0.860314 0.791092 0.582794 0.185808 -0.591586 0.651683 0.474694  4.459089e-01 1.879340e-01 5.645157e-01
RCUBE(8.000000e-01) -5.617035e+00 -1.418019e+00 -1.229652e+00 -0.644168 -0.049441 -0.763284 0.624753 -0.609731 -0.487761 -0.441283 -0.791065 0.423658  2.985199e-01 4.674280e-01 4.264226e-01
RCUBE(8.000000e-01) 7.871069e+00 -4.570139e-01 2.183011e-01 -0.996892 0.070466 -0.035215 0.075449 0.725560 -0.684010 -0.022649 -0.684541 -0.728622  9.324124e-01 1.414124e-01 1.854211e-01
RCUBE(8.000000e-01) 1.320685e+00 -2.866104e+00 -4.887042e+00 -0.460398 0.575665 0.675754 0.124866 0.795658 -0.592737 -0.878887 -0.188516 -0.438200  5.920230e-01 4.404195e-01 1.997658e-01
RCUBE(8.000000e-01) -6.745902e+00 -3.506197e+00 -2.058569e+00 -0.552248 0.652726 0.518625 -0.832185 -0.468846 -0.296061 0.049908 -0.595091 0.802107  5.184097e-01 2.334962e-01 4.681855e-01
RCUBE(8.000000e-01) 3.250854e+00 -4.888200e+00 -4.734400e-03 -0.621499 0.658302 0.424708 -0.239962 -0.676032 0.696706 0.745759 0.331088 0.578121  4.111494e-01 3.371853e-01 3.432702e-01
RCUBE(8.000000e-01) -7.276557e-01 -1.342709e-01 1.321870e+00 -0.604073 0.648165 0.463657 0.456529 0.758330 -0.465314 -0.653205 -0.069411 -0.753993  3.118701e-01 4.268916e-01 4.209024e-01
RCUBE(8.000000e-01) -3.341257e-01 -5.744250e+00 3.749197e+00 0.640461 -0.420925 -0.642365 -0.766446 -0.297298 -0.569363 0.048685 0.856993 -0.513024  4.140260e-01 5.627613e-01 1.695207e-01
RCUBE(8.000000e-01) -2.583407e+00 3.579579e+00 1.445362e+00 -0.549933 0.646528 0.528748 0.403830 0.759983 -0.509262 -0.731091 -0.066536 -0.679028  3.978031e-01 4.339090e-01 3.350476e-01
RCUBE(8.000000e-01) 4.506114e+00 3.149555e+00 -1.754201e+00 0.315913 -0.695821 -0.645006 0.530810 -0.433856 0.728018 -0.786409 -0.572366 0.232287  4.566004e-01 3.127393e-01 3.660492e-01
RCUBE(8.000000e-01) -5.034807e+00 -2.025725e+00 -1.785194e+00 -0.627955 0.611792 0.481023 -0.428939 -0.787804 0.442013 0.649372 0.071235 0.757127  3.050832e-01 4.632738e-01 4.182705e-01
RCUBE(8.000000e-01) 1.706667e+00 1.773420e+00 -5.186878e+00 -0.263160 -0.581538 0.769779 0.319866 -0.805365 -0.499072 0.910183 0.114890 0.397954  6.283949e-01 3.984631e-01 3.043248e-01
RCUBE(8.000000e-01) -4.154708e+00 3.892968e+00 5.938389e-01 0.428708 0.774827 -0.464599 0.368427 0.319610 0.872990 0.824907 -0.545428 -0.148448  4.493316e-01 3.312189e-01 5.508569e-01
RCUBE(8.000000e-01) -1.382649e+00 -5.804802e+00 3.366275e+00 0.729968 0.290471 0.618687 -0.133665 -0.827051 0.546004 0.670284 -0.481262 -0.564894  3.867557e-01 5.224323e-01 2.151511e-01
RCUBE(8.000000e-01) 4.856274e+00 -2.909256e-01 -6.178701e+00 -0.224761 0.940074 -0.256403 -0.573089 0.085282 0.815043 0.788068 0.330132 0.519578  2.941488e-01 6.842962e-01 3.803154e-01
RCUBE(8.000000e-01) -4.984862e+00 -5.985774e+00 1.191490e+00 0.611174 0.770737 -0.180085 -0.635031 0.613303 0.469675 0.472443 -0.172694 0.864277  2.141516e-01 4.200527e-01 5.748360e-01
RCUBE(8.000000e-01) 1.337641e+00 2.631572e+00 -2.130124e+00 0.402562 -0.705318 -0.583498 -0.324398 -0.705982 0.629568 -0.855985 -0.064155 -0.513005  5.651104e-01 3.477345e-01 1.919402e-01
RCUBE(8.000000e-01) 1.607307e+00 1.269428e-01 -4.530348e+00 -0.893932 -0.131206 -0.428568 0.344675 -0.812469 -0.470205 -0.286505 -0.568048 0.771516  5.941727e-01 4.192481e-01 3.171592e-01
RCUBE(8.000000e-01) -2.213551e+00 1.174376e+00 4.141777e+00 0.609325 -0.630446 -0.480895 0.666679 0.079009 0.741145 -0.429258 -0.772201 0.468447  3.252439e-01 4.455493e-01 4.023383e-01
RCUBE(8.000000e-01) 5.226018e+00 -1.102083e+00 4.257079e+00 0.449277 0.805620 -0.386168 -0.445333 0.576669 0.684932 0.774486 -0.135751 0.617854  4.274559e-01 4.781542e-01 2.721890e-01
RCUBE(8.000000e-01) 4.452193e-01 4.151214e+00 2.676113e+00 -0.771658 0.045010 -0.634444 0.445700 0.749890 -0.488893 0.453758 -0.660029 -0.598720  4.449825e-01 4.148130e-01 2.924348e-01
RCUBE(8.000000e-01) 1.075624e+00 -2.413788e+00 3.872288e+00 -0.781351 -0.580526 -0.229087 0.130448 -0.510882 0.849696 -0.610306 0.634026 0.474907  4.386816e-01 1.812903e-01 5.505363e-01
RCUBE(8.000000e-01) 7.487108e-01 8.750439e-01 6.649398e+00 0.509151 0.790348 -0.340756 -0.723869 0.607405 0.327221 0.465595 0.080057 0.881369  2.599210e-01 4.134137e-01 5.888303e-01
RCUBE(8.000000e-01) -1.387224e+00 -3.089410e+00 4.624500e+00 -0.700622 -0.233729 -0.674166 0.355175 0.705220 -0.613609 0.618853 -0.669355 -0.411077  3.620893e-01 3.668305e-01 3.279749e-01
RCUBE(8.000000e-01) -2.623074e+00 -6.462098e+00 -3.689567e+00 0.342169 0.810465 0.475464 -0.939586 0.300443 0.164048 -0.009894 -0.502872 0.864304  6.537839e-01 2.556728e-01 4.566540e-01
RCUBE(8.000000e-01) -4.641905e+00 2.443098e+00 -2.412136e+00 0.779439 -0.093596 0.619447 -0.471946 0.562535 0.678838 -0.411997 -0.821458 0.394290  4.320998e-01 5.016574e-01 2.697878e-01
RCUBE(8.000000e-01) 1.636913e+00 1.698502e+00 -2.563432e+00 -0.279118 -0.733440 0.619805 0.400299 -0.675572 -0.619164 0.872842 0.075288 0.482160  5.918014e-01 3.706787e-01 1.859999e-01
RCUBE(8.000000e-01) 2.996548e+00 5.743797e+00 -2.257107e+00 -0.407687 -0.833638 0.372611 -0.796028 0.124551 -0.592307 0.447360 -0.538084 -0.714377  4.430581e-01 5.102672e-01 2.799253e-01
RCUBE(8.000000e-01) 3.521545e+00 -3.327302e+00 -3.088823e+00 -0.633093 0.595254 0.494839 -0.739768 -0.277058 -0.613174 -0.227895 -0.754262 0.615753  4.094197e-01 4.269752e-01 2.598304e-01
RCUBE(8.000000e-01) 5.226798e+00 -4.353800e-01 -2.336843e+00 -0.426121 0.698073 0.575426 0.158254 0.683776 -0.712325 -0.890717 -0.212473 -0.401844  6.198453e-01 3.125702e-01 3.027814e-01
RCUBE(8.000000e-01) -2.646184e+00 6.580725e+00 3.303754e+00 0.637020 0.533533 -0.556370 -0.342474 0.842506 0.415807 0.690592 -0.074335 0.719414  3.366943e-01 5.436912e-01 3.553373e-01
RCUBE(8.000000e-01) -2.642641e+00 1.205164e+00 -5.390250e-01 -0.615253 0.599214 0.512256 0.671981 0.058874 0.738225 0.412196 0.798421 -0.438883  3.268669e-01 4.804554e-01 3.939454e-01
RCUBE(8.000000e-01) 3.368133e+00 -5.411535e+00 -2.260501e+00 0.365031 0.569416 -0.736558 -0.770978 -0.258590 -0.582000 -0.521866 0.780318 0.344614  4.157244e-01 4.315318e-01 3.555201e-01
RCUBE(8.000000e-01) -8.368607e-01 2.189594e+00 2.667262e+00 -0.703037 -0.049149 -0.709453 0.426697 0.768929 -0.476107 0.568920 -0.637442 -0.519614  3.645619e-01 4.448202e-01 3.681263e-01
RCUBE(8.000000e-01) -6.152143e+00 5.871110e-01 2.912359e+00 -0.883008 0.127394 0.451739 0.096332 0.991161 -0.091215 -0.459366 -0.037027 -0.887475  3.105285e-01 7.301920e-01 3.475460e-01
RCUBE(8.000000e-01) 5.934878e+00 -1.223913e+00 3.158319e+00 0.366236 0.822611 -0.434951 0.885488 -0.164440 0.434593 0.285977 -0.544307 -0.788636  5.694294e-01 4.315041e-01 3.479737e-01
RCUBE(8.000000e-01) 4.988632e+00 2.343420e+00 4.004929e+00 0.178033 0.732241 -0.657364 0.652635 0.412104 0.635797 0.736459 -0.542212 -0.404518  3.980417e-01 3.922446e-01 3.170438e-01
RCUBE(8.000000e-01) 1.001047e+00 -6.401466e+00 2.264045e+00 -0.626367 0.198380 0.753863 -0.766073 -0.335557 -0.548210 0.144210 -0.920895 0.362155  3.343279e-01 6.640252e-01 3.020774e-01
RCUBE(8.000000e-01) 3.851592e+00 -1.475028e+00 -4.016808e+00 -0.210156 -0.768699 0.604100 0.431359 -0.627409 -0.648296 0.877362 0.124340 0.463439  5.958247e-01 4.099500e-01 1.907492e-01
RCUBE(8.000000e-01) 2.396863e+00 2.121465e+00 3.479303e+00 -0.688156 -0.007822 -0.725521 0.538336 -0.675913 -0.503324 -0.486452 -0.736940 0.469344  3.497813e-01 4.057422e-01 3.917223e-01
RCUBE(8.000000e-01) -2.909898e+00 4.458405e+00 -4.281580e+00 0.831830 0.542051 0.119332 0.449696 -0.532184 -0.717324 -0.325319 0.650354 -0.686445  5.270976e-01 2.325348e-01 3.518411e-01
RCUBE(8.000000e-01) 6.121601e+00 4.334639e+00 -2.450501e+00 0.561764 -0.362438 0.743680 -0.768679 -0.561017 0.307233 0.305865 -0.744244 -0.593758  4.199602e-01 3.795860e-01 3.786376e-01
RCUBE(8.000000e-01) -4.678590e+00 -3.402822e+00 6.988764e-01 0.490760 0.774877 -0.398398 -0.610472 -0.020449 -0.791774 -0.621674 0.631782 0.463005  2.653045e-01 4.423096e-01 4.674865e-01
RCUBE(8.000000e-01) 4.436860e+00 3.864991e+00 -5.266332e+00 0.557579 0.491072 -0.669294 0.374917 -0.868314 -0.324759 -0.740637 -0.069851 -0.668264  3.663569e-01 5.811505e-01 3.035900e-01
RCUBE(8.000000e-01) -2.087097e+00 -7.399800e+00 -1.677261e+00 0.312160 0.934265 0.172351 0.386457 -0.290603 0.875329 0.867875 -0.206637 -0.451768  4.067389e-01 6.037254e-01 4.318503e-01
RCUBE(8.000000e-01) -4.904010e+00 -5.168889e-01 4.688839e+00 0.002415 0.999342 0.036187 -0.749328 -0.022154 0.661828 0.662194 -0.028714 0.748782  1.767900e-01 9.428014e-01 1.618889e-01
RCUBE(8.000000e-01) -3.833317e+00 3.451834e+00 2.478569e+00 -0.727218 0.446882 0.521009 0.259740 0.881753 -0.393759 -0.635365 -0.151022 -0.757300  2.945065e-01 5.950067e-01 3.607021e-01
RCUBE(8.000000e-01) 5.077515e+00 5.644537e+00 2.082454e+00 0.334143 -0.562102 0.756565 0.623406 0.733843 0.269888 -0.706904 0.381466 0.595626  3.356398e-01 3.784440e-01 4.133236e-01
RCUBE(8.000000e-01) 1.990913e+00 -9.317645e-01 6.460358e+00 0.395857 -0.130712 0.908962 0.617234 0.770758 -0.157970 -0.679941 0.623575 0.385790  1.931350e-01 3.904444e-01 6.504895e-01
RCUBE(8.000000e-01) 6.311059e+00 2.086025e+00 1.742219e+00 -0.929128 -0.230795 -0.288887 0.038762 0.716182 -0.696836 0.367722 -0.658648 -0.656478  6.969585e-01 3.103085e-01 2.797747e-01
RCUBE(8.000000e-01) -2.864569e-01 8.108335e-01 7.798999e+00 0.712353 0.699097 -0.061779 -0.694360 0.689242 -0.206904 -0.102066 0.190285 0.976409  2.437608e-01 2.087675e-01 8.258688e-01
RCUBE(8.000000e-01) -5.361203e+00 -2.655830e+00 -5.138372e+00 0.157216 0.812240 -0.561738 -0.732188 0.477572 0.485619 0.662709 0.334950 0.669794  3.716734e-01 4.956794e-01 2.635439e-01
RCUBE(8.000000e-01) 1.650510e+00 -1.456778e+00 4.172003e+00 -0.128452 0.431725 -0.892812 0.656310 -0.637914 -0.402893 -0.743476 -0.637714 -0.201404  3.727079e-01 2.134891e-01 6.253084e-01
RCUBE(8.000000e-01) -4.529820e+00 -5.773052e+00 -2.735389e+00 0.160616 -0.515568 0.841660 0.672280 -0.567199 -0.475737 0.722663 0.642242 0.255505  3.748678e-01 2.396858e-01 5.435810e-01
RCUBE(8.000000e-01) -5.957524e+00 -1.535590e+00 2.924315e+00 -0.135641 0.984028 0.115280 -0.762614 -0.177975 0.621888 0.632473 -0.003560 0.774574  2.045535e-01 8.356660e-01 2.739809e-01
RCUBE(8.000000e-01) -4.525556e+00 -4.655380e+00 -1.936418e+00 -0.040799 0.583105 -0.811372 0.661252 -0.593016 -0.459431 -0.749053 -0.555266 -0.361385  4.093971e-01 2.387122e-01 4.990715e-01
RCUBE(8.000000e-01) -5.652094e+00 -5.265477e+00 1.594127e+00 0.442896 -0.216618 0.870011 -0.711031 -0.675967 0.193660 0.546148 -0.704376 -0.453405  3.084146e-01 3.153038e-01 5.835028e-01
RCUBE(8.000000e-01) 2.674825e+00 5.019242e+00 -3.729381e+00 -0.327244 0.746297 0.579614 -0.456210 -0.661942 0.594730 0.827517 -0.069804 0.557085  5.221355e-01 4.030033e-01 2.125377e-01
RCUBE(8.000000e-01) -1.099627e+00 2.039409e+00 4.327702e+00 0.664711 0.045670 0.745704 0.460994 0.760385 -0.457493 -0.587916 0.647865 0.484382  3.234851e-01 4.315115e-01 4.117116e-01
RCUBE(8.000000e-01) -5.182194e+00 -2.098504e+00 -3.926656e+00 -0.156562 -0.750146 0.642472 0.769350 0.315284 0.555604 -0.619345 0.581272 0.527763  4.453626e-01 4.207001e-01 2.877763e-01
RCUBE(8.000000e-01) -6.160711e+00 -2.757266e+00 -4.093882e+00 0.614391 -0.502840 -0.608010 -0.787475 -0.342890 -0.512161 0.049055 0.793460 -0.606642  4.610073e-01 4.699320e-01 2.561321e-01
RCUBE(8.000000e-01) 3.745484e+00 7.504716e-01 2.664560e+00 0.362051 0.668954 -0.649168 0.819338 0.103729 0.563849 0.444527 -0.736030 -0.510544  5.075187e-01 3.801653e-01 2.269405e-01
RCUBE(8.000000e-01) -2.929242e+00 -4.746062e-01 -4.912529e+00 0.717461 -0.556783 -0.418620 0.612232 0.217335 0.760222 -0.332297 -0.801722 0.496810  3.236987e-01 4.690972e-01 3.998494e-01
RCUBE(8.000000e-01) 3.668953e+00 6.864597e+00 -1.016147e+00 0.533447 0.821805 -0.200178 -0.749003 0.349004 -0.563197 -0.392975 0.450369 0.801709  3.399421e-01 4.815039e-01 4.441987e-01
RCUBE(8.000000e-01) 7.585658e+00 1.225194e+00 1.560518e+00 -0.947506 -0.070405 -0.311889 0.277602 -0.665145 -0.693195 -0.158647 -0.743388 0.649774  7.372708e-01 3.202161e-01 1.790506e-01
RCUBE(8.000000e-01) 2.692712e+00 2.573538e+00 6.921163e+00 -0.518373 -0.723276 0.456247 -0.760446 0.633921 0.140944 -0.391166 -0.273890 -0.878620  3.689872e-01 2.878484e-01 5.896107e-01
RCUBE(8.000000e-01) -2.864052e+00 -3.490149e+00 -3.583862e+00 0.672776 0.414512 0.612823 -0.142630 -0.740107 0.657190 0.725968 -0.529548 -0.438804  3.866592e-01 4.055387e-01 3.167240e-01
RCUBE(8.000000e-01) -2.411265e+00 4.569780e-01 6.818190e-01 0.625838 0.089339 0.774820 0.637130 -0.631566 -0.441802 0.449880 0.770157 -0.452179  2.830306e-01 4.361660e-01 4.430721e-01
RCUBE(8.000000e-01) -1.103652e+00 -3.621677e+00 6.924289e+00 0.620905 -0.733423 -0.276711 0.155319 0.461106 -0.873646 0.768345 0.499472 0.400217  3.786219e-01 3.027740e-01 5.777179e-01
RCUBE(8.000000e-01) -7.537156e-01 6.285437e-01 -4.558127e+00 0.887017 0.204997 0.413735 -0.111232 -0.774786 0.622362 0.448138 -0.598066 -0.664446  6.105706e-01 4.105764e-01 2.258012e-01
RCUBE(8.000000e-01) 4.184157e-02 -2.637120e+00 -4.979054e+00 -0.640193 0.572978 0.511712 -0.737733 -0.272776 -0.617530 -0.214248 -0.772845 0.597334  4.060160e-01 4.500071e-01 2.449213e-01
RCUBE(8.000000e-01) -3.955960e-01 -7.772448e+00 1.280904e+00 -0.590195 0.170520 0.789046 -0.805405 -0.058150 -0.589865 -0.054700 -0.983637 0.171657  3.098714e-01 8.128342e-01 1.886077e-01
RCUBE(8.000000e-01) -5.750555e+00 -1.359743e+00 -3.392081e+00 -0.528218 0.573678 0.626003 0.106579 0.776211 -0.621400 -0.842394 -0.261515 -0.471151  5.404201e-01 4.347427e-01 2.487741e-01
RCUBE(8.000000e-01) 5.311917e-01 -4.293203e+00 -5.311851e+00 -0.987817 0.104863 -0.114984 -0.152879 -0.791981 0.591095 -0.029082 0.601472 0.798364  8.311802e-01 2.368112e-01 2.779100e-01
RCUBE(8.000000e-01) -2.731818e-01 -4.866737e+00 -2.761517e+00 0.605615 -0.715003 -0.349286 -0.789043 -0.482663 -0.380063 0.103159 0.505773 -0.856476  4.247608e-01 2.683378e-01 5.482609e-01
RCUBE(8.000000e-01) -5.540690e+00 1.598023e+00 -5.333520e+00 0.522624 -0.525249 -0.671549 0.721541 -0.147082 0.676569 -0.454140 -0.838141 0.302120  3.492950e-01 5.347141e-01 3.260584e-01
RCUBE(8.000000e-01) -2.320289e+00 -4.994942e+00 1.663152e+00 0.648969 0.056203 0.758736 -0.602904 0.646267 0.467809 -0.464054 -0.761039 0.453292  3.070131e-01 4.300523e-01 4.268530e-01
RCUBE(8.000000e-01) -6.789681e+00 3.522791e-01 7.699204e-01 -0.992368 0.110494 0.054741 -0.092235 -0.959772 0.265199 0.081841 0.258126 0.962639  5.729637e-01 3.856838e-01 4.136121e-01
RCUBE(8.000000e-01) -3.057493e-01 4.106631e+00 4.078622e+00 -0.755446 0.070284 -0.651430 0.472673 0.746977 -0.467553 0.453742 -0.661125 -0.597522  4.243851e-01 4.128850e-01 3.105799e-01
RCUBE(8.000000e-01) -1.982823e+00 -2.340170e+00 4.978064e+00 0.523563 0.725620 -0.446495 -0.587058 -0.072547 -0.806288 -0.617450 0.684261 0.387998  2.452762e-01 3.759978e-01 4.919318e-01
RCUBE(8.000000e-01) -6.361821e+00 -4.610123e+00 -3.032909e-01 0.231629 -0.442940 0.866113 -0.804037 -0.588348 -0.085860 0.547606 -0.676499 -0.492418  4.566884e-01 2.092433e-01 5.686486e-01
RCUBE(8.000000e-01) 3.846499e+00 5.360111e+00 1.830863e+00 -0.443107 0.537179 -0.717701 0.675579 -0.326158 -0.661222 -0.589279 -0.777856 -0.218384  2.924054e-01 4.489062e-01 3.596285e-01
RCUBE(8.000000e-01) 4.390653e+00 -1.600298e+00 6.345751e+00 -0.557741 0.660183 0.503074 0.535345 -0.177055 0.825868 0.634296 0.729938 -0.254675  2.413035e-01 3.878873e-01 5.207497e-01
RCUBE(8.000000e-01) 1.095074e+00 -6.513368e-01 -5.602314e+00 0.893920 0.077304 0.441510 0.447829 -0.112562 -0.887006 -0.018872 0.990633 -0.135241  3.619100e-01 7.200588e-01 3.029225e-01
RCUBE(8.000000e-01) 3.657901e+00 5.478243e+00 -1.412229e+00 0.394735 -0.653180 -0.646174 0.610336 0.712104 -0.346983 0.686786 -0.257416 0.679752  3.385540e-01 3.718016e-01 3.393096e-01
RCUBE(8.000000e-01) 5.810519e+00 -3.475078e-01 -3.563313e+00 0.559466 0.472233 0.681171 0.249704 -0.879670 0.404757 0.790345 -0.056357 -0.610064  4.304240e-01 5.933811e-01 2.276788e-01
RCUBE(8.000000e-01) 6.622107e+00 -2.188417e+00 -3.656474e+00 0.534342 0.513388 0.671500 0.840637 -0.239713 -0.485662 -0.088366 0.823997 -0.559661  5.244111e-01 4.949386e-01 1.923397e-01
RCUBE(8.000000e-01) -6.727180e+00 1.194062e+00 -1.531977e-01 0.056957 -0.318366 -0.946255 -0.177644 -0.935901 0.304189 -0.982445 0.150771 -0.109862  5.986495e-01 3.736320e-01 4.432814e-01
RCUBE(8.000000e-01) -7.450448e+00 -2.151896e+00 1.407756e+00 -0.254580 0.196974 -0.946779 -0.202771 0.946400 0.251418 0.945554 0.255985 -0.200994  4.860631e-01 4.896293e-01 4.912175e-01
RCUBE(8.000000e-01) -2.567713e+00 4.560487e+00 -5.865245e+00 -0.271151 0.531118 -0.802740 0.517532 -0.622729 -0.586830 -0.811565 -0.574563 -0.106017  4.919249e-01 2.163732e-01 4.780195e-01
RCUBE(8.000000e-01) -6.037746e+00 4.964055e+00 1.061257e+00 -0.779281 0.612767 0.131291 -0.547714 -0.767781 0.332448 0.304517 0.187161 0.933938  3.361332e-01 3.028073e-01 6.865745e-01
RCUBE(8.000000e-01) -2.264054e+00 2.955031e+00 6.950809e+00 0.293039 -0.395240 -0.870582 -0.449092 -0.860756 0.239615 -0.844064 0.320755 -0.429734  4.323020e-01 4.748036e-01 4.989820e-01
RCUBE(8.000000e-01) -6.186652e-01 -4.799937e+00 -6.205429e+00 0.007878 0.613326 0.789791 -0.993686 0.093199 -0.062463 -0.111918 -0.784312 0.610188  8.657368e-01 2.016237e-01 2.542038e-01
RCUBE(8.000000e-01) 4.127708e+00 3.931333e+00 -1.208201e+00 0.707090 0.633179 -0.314813 0.626332 -0.354160 0.694464 0.328226 -0.688226 -0.647003  3.596182e-01 3.333008e-01 3.420739e-01
RCUBE(8.000000e-01) 1.529330e+00 1.450735e+00 1.601464e+00 -0.702961 0.013917 -0.711092 0.509373 0.707625 -0.489700 0.496371 -0.706451 -0.504522  3.669840e-01 3.722679e-01 3.761913e-01
RCUBE(8.000000e-01) 2.046427e+00 -4.860970e+00 -2.184892e+00 0.256241 0.657941 -0.708135 0.577560 -0.691653 -0.433636 -0.775090 -0.297875 -0.557230  4.444024e-01 3.177114e-01 3.439249e-01
RCUBE(8.000000e-01) 3.587725e+00 3.772329e+00 -5.895785e+00 0.432593 0.510542 -0.743108 0.406619 -0.846115 -0.344603 -0.804689 -0.153089 -0.573620  4.421352e-01 5.209935e-01 3.126865e-01
RCUBE(8.000000e-01) -7.230265e+00 2.247290e+00 2.172602e+00 0.183437 0.954790 -0.233939 -0.919913 0.250626 0.301573 0.346570 0.159884 0.924298  4.383993e-01 5.693498e-01 4.570800e-01
RCUBE(8.000000e-01) 1.733709e+00 1.857435e+00 -6.942591e-01 0.445435 -0.677605 -0.585183 -0.861242 -0.145695 -0.486862 0.244642 0.720850 -0.648480  5.734872e-01 3.652845e-01 2.356979e-01
RCUBE(8.000000e-01) 4.868018e+00 -4.314211e+00 -2.075087e+00 0.258075 0.698194 -0.667775 -0.765656 0.569340 0.299372 0.589210 0.434026 0.681508  4.342245e-01 3.360345e-01 3.281988e-01
RCUBE(8.000000e-01) 7.311553e-01 -2.874531e+00 4.408717e-01 0.772873 0.320821 0.547487 -0.218880 -0.675048 0.704558 0.595617 -0.664367 -0.451505  4.448341e-01 3.356525e-01 3.464197e-01
RCUBE(8.000000e-01) 1.443295e+00 7.307188e+00 2.549672e+00 -0.562740 -0.152222 0.812498 -0.171008 -0.940199 -0.294588 0.808752 -0.304720 0.503056  3.437790e-01 6.780594e-01 3.556455e-01
RCUBE(8.000000e-01) 1.059610e+00 8.976168e-01 4.549084e+00 0.635309 0.087633 0.767270 0.453295 0.762060 -0.462372 -0.625225 0.641548 0.444420  2.932566e-01 4.280002e-01 4.354923e-01
RCUBE(8.000000e-01) -1.283482e+00 5.746237e+00 3.445486e+00 0.601105 0.494138 -0.628093 -0.273024 0.865620 0.419714 0.751086 -0.080807 0.655240  3.942207e-01 5.788595e-01 2.757282e-01
RCUBE(8.000000e-01) -3.156317e+00 -1.514493e+00 4.625433e+00 -0.629473 -0.014609 -0.776885 0.187756 -0.973055 -0.133832 -0.753997 -0.230109 0.615255  1.976686e-01 7.966055e-01 3.060524e-01
RCUBE(8.000000e-01) -3.279716e+00 2.107608e-01 1.973718e+00 0.388086 0.790130 -0.474430 0.638248 -0.601770 -0.480117 -0.664852 -0.116477 -0.737838  3.221720e-01 4.673207e-01 3.909066e-01
RCUBE(8.000000e-01) -1.309293e+00 5.586725e+00 5.391212e+00 0.163243 -0.686073 -0.708982 -0.524830 -0.668893 0.526437 -0.835407 0.286158 -0.469264  5.317546e-01 3.372047e-01 3.340432e-01
RCUBE(8.000000e-01) -8.179318e-01 -1.501804e+00 5.412179e+00 -0.683187 0.644570 0.343198 -0.566150 -0.170686 -0.806437 -0.461226 -0.745249 0.481533  2.791647e-01 3.873154e-01 4.841401e-01
RCUBE(8.000000e-01) 3.973568e+00 -5.419407e+00 1.190905e+00 -0.494101 0.861560 -0.116525 -0.691551 -0.470704 -0.547900 -0.526897 -0.190135 0.828389  1.342382e-01 5.533618e-01 4.911114e-01
RCUBE(8.000000e-01) 5.275595e+00 -1.257959e+00 -1.646851e+00 -0.708545 -0.376694 -0.596712 0.681776 -0.583589 -0.441141 -0.182059 -0.719392 0.670320  3.725872e-01 3.843155e-01 3.266703e-01
RCUBE(8.000000e-01) 7.304919e+00 2.245835e+00 1.969075e+00 0.927989 0.274409 0.252064 0.016125 -0.705427 0.708599 0.372259 -0.653507 -0.659053  6.945448e-01 2.933031e-01 3.011239e-01
RCUBE(8.000000e-01) -1.780388e+00 -4.201181e+00 1.264864e+00 0.607980 -0.653458 -0.450947 0.445796 0.750958 -0.487163 0.656983 0.095154 0.747876  3.165100e-01 4.176630e-01 4.134444e-01
RCUBE(8.000000e-01) -4.395968e+00 -1.938706e+00 -1.000239e+00 -0.635674 -0.070009 -0.768776 -0.434796 -0.790419 0.431497 -0.637864 0.608552 0.472010  2.905505e-01 4.644331e-01 4.318527e-01
RCUBE(8.000000e-01) 4.791126e+00 -2.501160e+00 -5.754931e+00 0.780733 0.357893 0.512220 -0.617228 0.313938 0.721438 0.097392 -0.879407 0.466003  4.004840e-01 5.877216e-01 2.668335e-01
RCUBE(8.000000e-01) -6.271068e+00 -8.519793e-01 1.850389e+00 0.569878 0.024913 0.821351 -0.565542 -0.713264 0.414024 0.596155 -0.700452 -0.392385  2.284431e-01 3.614523e-01 5.142021e-01
RCUBE(8.000000e-01) 3.675002e+00 -3.242262e+00 -4.717772e+00 0.520452 -0.594649 -0.612798 -0.829115 -0.180307 -0.529204 0.204199 0.783506 -0.586874  5.208814e-01 4.497745e-01 2.040636e-01
RCUBE(8.000000e-01) 4.407738e+00 -6.154700e+00 -2.063380e+00 -0.569286 0.786562 0.239236 -0.324200 -0.482187 0.813874 0.755518 0.385767 0.529505  3.621815e-01 4.217830e-01 4.717586e-01
RCUBE(8.000000e-01) -2.079715e+00 2.082049e+00 -7.069478e-01 -0.412328 -0.805166 0.426256 -0.744496 0.028129 -0.667034 0.525083 -0.592382 -0.611041  4.016529e-01 4.896350e-01 3.190060e-01
RCUBE(8.000000e-01) -1.689357e+00 7.559529e+00 1.523630e+00 0.570698 0.275834 -0.773446 -0.204079 0.959986 0.191778 0.795397 0.048397 0.604154  3.370948e-01 7.460430e-01 2.547774e-01
RCUBE(8.000000e-01) -4.655768e+00 -4.519973e+00 -4.440086e+00 0.018405 0.660388 -0.750699 -0.596324 -0.595414 -0.538405 -0.802533 0.457569 0.382847  4.865696e-01 3.099319e-01 4.124475e-01
RCUBE(8.000000e-01) 5.328762e+00 -1.927554e+00 -8.025829e-01 -0.901713 0.406541 0.147099 0.382824 0.592708 0.708620 0.200896 0.695285 -0.690087  6.405546e-01 2.625101e-01 3.120489e-01
RCUBE(8.000000e-01) -3.103671e+00 4.106346e+00 -2.787776e+00 0.755210 -0.235114 0.611865 -0.516895 -0.787636 0.335335 0.403085 -0.569519 -0.716360  3.971570e-01 4.501266e-01 3.302274e-01
RCUBE(8.000000e-01) 1.848256e+00 -4.549925e+00 -1.385752e-01 0.227022 0.663768 -0.712652 -0.753540 -0.343848 -0.560309 -0.616959 0.664214 0.422115  4.187751e-01 3.240390e-01 3.606330e-01
RCUBE(8.000000e-01) -3.588901e+00 4.410821e+00 -4.349247e-01 -0.473211 -0.774953 0.418951 -0.726321 0.074085 -0.683351 0.498527 -0.627662 -0.597922  3.847683e-01 4.508696e-01 3.428133e-01
RCUBE(8.000000e-01) 1.558981e+00 -1.883594e+00 7.483831e+00 0.247635 -0.252670 0.935326 0.640108 -0.682018 -0.353714 0.727282 0.686301 -0.007156  3.092697e-01 2.710008e-01 7.097039e-01
RCUBE(8.000000e-01) -5.546791e+00 -4.751424e-01 3.902098e+00 0.644447 -0.039728 0.763616 -0.012305 -0.999059 -0.041592 0.764550 0.017407 -0.644329  1.942360e-01 9.238157e-01 1.688551e-01
RCUBE(8.000000e-01) 6.541382e-01 4.403880e+00 -3.686542e+00 -0.162560 -0.749780 0.641408 0.392306 -0.645578 -0.655229 0.905356 0.145114 0.399088  6.474198e-01 3.709282e-01 2.179534e-01
RCUBE(8.000000e-01) 2.182405e+00 3.847100e+00 -1.476192e+00 0.319467 0.814699 -0.483948 -0.831491 -0.003941 -0.555525 -0.454493 0.579870 0.676156  5.110382e-01 4.818462e-01 2.039528e-01
RCUBE(8.000000e-01) 4.551216e+00 2.116649e-01 -3.415462e+00 0.875154 0.051426 0.481103 0.306503 0.710458 -0.633487 -0.374381 0.701858 0.605998  5.959272e-01 3.430524e-01 1.853911e-01
RCUBE(8.000000e-01) 7.531112e+00 -1.056612e+00 -2.090617e+00 0.070782 -0.761463 0.644332 -0.279175 -0.635260 -0.720073 0.957628 -0.128913 -0.257547  7.591459e-01 3.239112e-01 1.898833e-01
RCUBE(8.000000e-01) -3.914878e+00 -2.349395e-01 -4.340990e+00 0.410023 0.824458 -0.390064 0.663591 0.023738 0.747719 0.625722 -0.565425 -0.537370  3.105795e-01 5.158812e-01 3.997181e-01
RCUBE(8.000000e-01) -4.489853e+00 -6.101968e+00 2.132537e+00 -0.517261 0.061532 -0.853613 -0.623745 0.655828 0.425244 0.585989 0.752399 -0.300854  1.745165e-01 4.000719e-01 5.598020e-01
RCUBE(8.000000e-01) 2.040225e+00 -6.057728e+00 2.437261e+00 0.587621 -0.070273 -0.806079 -0.247870 0.932692 -0.262005 0.770235 0.353762 0.530651  2.756522e-01 6.758446e-01 3.839004e-01
RCUBE(8.000000e-01) 5.129701e-01 1.198777e+00 -7.755276e+00 0.337429 -0.926018 -0.169209 -0.073225 -0.205027 0.976013 -0.938499 -0.316945 -0.136990  4.515102e-01 3.797625e-01 6.016490e-01
RCUBE(8.000000e-01) -4.574720e+00 -1.664037e+00 3.165850e+00 -0.189780 0.977439 0.092723 0.606454 0.042429 0.793986 0.772138 0.206915 -0.600823  1.903799e-01 8.011443e-01 3.155721e-01
RCUBE(8.000000e-01) -2.769603e+00 -4.676296e+00 -1.758011e+00 -0.147683 -0.752236 0.642130 -0.639965 -0.422332 -0.641935 0.754078 -0.505744 -0.419034  4.173475e-01 4.147066e-01 3.011063e-01
RCUBE(8.000000e-01) 2.949985e+00 -7.079871e+00 1.842177e+00 -0.735863 -0.428342 -0.524432 0.569162 0.028297 -0.821738 0.366825 -0.903173 0.222973  2.060096e-01 6.193580e-01 4.483064e-01
RCUBE(8.000000e-01) 1.003211e+00 4.728814e-01 -5.715579e+00 -0.369022 -0.251796 0.894663 -0.908569 -0.105025 -0.404317 0.195768 -0.962065 -0.190018  4.426113e-01 6.247412e-01 3.807148e-01
RCUBE(8.000000e-01) -2.686030e+00 -2.750370e+00 -4.274240e+00 -0.168669 -0.755440 0.633137 -0.654496 -0.394456 -0.645012 0.737012 -0.523179 -0.427900  3.944572e-01 4.206320e-01 2.916730e-01
RCUBE(8.000000e-01) -3.007562e+00 -5.826001e+00 1.857651e+00 0.520129 0.796750 -0.307661 0.634786 -0.601625 -0.484864 -0.571412 0.056893 -0.818689  2.191673e-01 4.664322e-01 5.015140e-01
RCUBE(8.000000e-01) -2.437427e+00 2.441311e+00 -7.100429e+00 -0.733013 -0.679833 0.022775 0.315383 -0.310007 0.896900 -0.602682 0.664622 0.441647  3.463190e-01 2.966209e-01 6.319524e-01
RCUBE(8.000000e-01) -2.072349e+00 1.107698e+00 6.424376e+00 -0.897992 0.201962 -0.390924 -0.251163 -0.964754 0.078528 -0.361286 0.168704 0.917067  3.656211e-01 6.213157e-01 4.556754e-01
RCUBE(8.000000e-01) -2.143896e+00 -6.384109e+00 -6.697401e-01 0.652057 0.744826 -0.141622 0.624047 -0.633340 -0.457652 -0.430566 0.210036 -0.877780  2.545234e-01 3.834379e-01 5.995556e-01
RCUBE(8.000000e-01) -3.711227e+00 -1.886463e+00 -2.360864e-01 -0.615986 0.626589 0.477439 0.636695 0.039114 0.770123 0.463876 0.778368 -0.423040  2.921575e-01 4.504012e-01 4.384311e-01
RCUBE(8.000000e-01) 3.616553e-01 -1.476788e-01 -6.809875e+00 0.978906 0.179447 0.097686 -0.173601 0.982640 -0.065438 -0.107732 0.047099 0.993064  3.953999e-01 4.354211e-01 5.053587e-01
RCUBE(8.000000e-01) 3.547973e+00 1.983172e+00 6.762797e+00 -0.531840 -0.696230 0.482089 -0.708456 0.677669 0.197118 -0.463936 -0.236703 -0.853660  3.161160e-01 3.233816e-01 5.578052e-01
RCUBE(8.000000e-01) 2.090526e-01 -6.995004e+00 3.639394e+00 -0.031703 0.889585 -0.455668 0.731337 0.331395 0.596090 0.681279 -0.314349 -0.661093  3.483183e-01 6.189800e-01 1.921348e-01
RCUBE(8.000000e-01) -3.517664e+00 -3.019374e+00 -4.989057e+00 0.470825 0.471755 0.745501 -0.166792 -0.782184 0.600307 0.866316 -0.406983 -0.289587  5.596680e-01 3.977884e-01 3.183619e-01
RCUBE(8.000000e-01) -5.105478e+00 2.072404e+00 -3.959770e+00 -0.451260 0.498519 0.740165 0.760307 -0.219475 0.611362 0.467223 0.838636 -0.279987  3.790473e-01 5.202450e-01 3.395879e-01
RCUBE(8.000000e-01) -4.650757e+00 -4.120494e+00 -2.828548e+00 0.742627 0.518596 0.423749 -0.011948 -0.622380 0.782624 0.669599 -0.586261 -0.456000  4.057299e-01 2.799136e-01 4.606764e-01
RCUBE(8.000000e-01) -2.571521e+00 -3.194063e-01 -6.349721e+00 0.833425 -0.455618 -0.312753 -0.398820 -0.887633 0.230326 -0.382550 -0.067228 -0.921486  3.216529e-01 4.988184e-01 5.896689e-01
RCUBE(8.000000e-01) 5.159438e+00 3.132952e+00 3.223804e+00 -0.071558 0.682500 -0.727374 -0.764998 -0.505501 -0.399056 -0.640045 0.527885 0.558284  4.401756e-01 3.377389e-01 3.931229e-01
RCUBE(8.000000e-01) 1.795904e+00 3.026487e+00 4.446791e+00 -0.397679 -0.249337 -0.882996 -0.808356 0.550489 0.208618 0.434064 0.796739 -0.420471  4.037396e-01 3.757702e-01 5.670184e-01
RCUBE(8.000000e-01) 5.987384e+00 -2.713798e+00 -4.338455e+00 0.678941 0.453895 0.577077 0.037695 -0.806516 0.590009 0.733224 -0.378829 -0.564687  3.920302e-01 4.935351e-01 2.469157e-01
RCUBE(8.000000e-01) -1.474518e+00 -1.787968e-01 2.616533e+00 0.665249 0.063787 0.743892 0.576592 -0.676866 -0.457596 0.474326 0.733337 -0.487064  3.255662e-01 3.986243e-01 4.123017e-01
RCUBE(8.000000e-01) 5.686641e-01 -6.979473e+00 -3.642907e+00 -0.984218 0.020443 -0.175775 0.164942 0.465791 -0.869386 0.064101 -0.884658 -0.461812  7.219713e-01 3.842621e-01 2.690962e-01
RCUBE(8.000000e-01) -6.025072e+00 -1.897174e+00 -4.692168e+00 -0.114855 -0.841424 0.528029 -0.736654 -0.284464 -0.613532 0.666446 -0.459441 -0.587166  3.893307e-01 5.431005e-01 2.024944e-01
RCUBE(8.000000e-01) -6.200819e+00 -2.262634e+00 -8.697833e-01 0.590845 -0.659483 -0.464741 -0.500329 -0.751408 0.430183 -0.632909 -0.021648 -0.773924  2.903407e-01 4.173520e-01 4.484140e-01
RCUBE(8.000000e-01) 1.046014e-01 -3.173090e-01 -1.660610e+00 0.504280 -0.714499 -0.484967 -0.783979 -0.143345 -0.604010 0.362047 0.684794 -0.632439  4.613713e-01 3.632122e-01 2.611906e-01
RCUBE(8.000000e-01) 5.728637e+00 2.618008e-01 -1.278322e+00 0.224782 0.714717 -0.662308 0.936178 0.030119 0.350234 0.270266 -0.698765 -0.662332  7.126022e-01 3.009391e-01 1.765392e-01
RCUBE(8.000000e-01) 2.352838e+00 5.062324e+00 -1.572541e+00 0.328676 0.886486 -0.325753 0.479982 -0.453839 -0.750764 -0.813382 0.090403 -0.574663  4.354602e-01 5.861084e-01 2.829998e-01
RCUBE(8.000000e-01) -4.968053e+00 5.902392e+00 1.660805e+00 0.622257 -0.752018 -0.217405 -0.426986 -0.093288 -0.899433 0.656109 0.652508 -0.379150  1.872798e-01 3.760862e-01 6.360029e-01
RCUBE(8.000000e-01) -5.521394e+00 -2.130071e+00 -8.057098e-02 -0.660210 0.614005 0.432575 0.454099 0.785063 -0.421272 -0.598262 -0.081696 -0.797125  2.538292e-01 4.492417e-01 4.683354e-01
RCUBE(8.000000e-01) -3.181932e+00 -6.743748e+00 2.531153e+00 0.594479 0.049708 0.802574 0.696099 -0.531463 -0.482694 0.402544 0.845622 -0.350545  2.370765e-01 5.317063e-01 4.547490e-01
RCUBE(8.000000e-01) 1.626634e+00 3.849825e+00 1.137026e+00 -0.382192 0.665553 0.641068 -0.445956 -0.740445 0.502856 0.809353 -0.093700 0.579800  4.935378e-01 3.900324e-01 2.381396e-01
RCUBE(8.000000e-01) -9.864747e-01 6.215135e-01 1.066442e-01 -0.492481 -0.743694 0.452086 0.590645 -0.667107 -0.453989 0.639219 0.043441 0.767797  2.976601e-01 4.081990e-01 4.409851e-01
RCUBE(8.000000e-01) 2.790808e-01 -5.026815e+00 -4.578459e+00 -0.010724 0.729212 0.684204 -0.987772 0.098707 -0.120682 -0.155538 -0.677131 0.719236  8.723382e-01 2.244695e-01 1.814275e-01
RCUBE(8.000000e-01) -5.881487e+00 -2.151561e+00 -2.710876e+00 -0.572194 0.614322 0.543326 0.812746 0.336122 0.475885 0.109723 0.713884 -0.691614  5.022177e-01 3.714898e-01 3.323370e-01
RCUBE(8.000000e-01) 3.229073e+00 -4.881518e+00 -3.388894e+00 -0.427885 0.773319 0.467860 -0.291071 -0.607961 0.738689 0.855683 0.179893 0.485228  5.453000e-01 3.919787e-01 3.201937e-01
RCUBE(8.000000e-01) 4.845061e+00 -2.033767e+00 -4.309156e+00 -0.687685 0.537019 0.488569 -0.701989 -0.320170 -0.636162 -0.185206 -0.780449 0.597158  3.644121e-01 4.580748e-01 2.511520e-01
RCUBE(8.000000e-01) -2.991985e+00 -1.250770e+00 -6.005593e+00 0.832921 -0.445794 -0.327888 -0.456222 -0.217803 -0.862800 0.313216 0.868234 -0.384794  4.116339e-01 4.998721e-01 4.868008e-01
RCUBE(8.000000e-01) -3.243803e+00 3.195072e+00 -5.054703e+00 0.373069 -0.546763 0.749580 -0.484633 0.574092 0.659962 -0.791170 -0.609482 -0.050804  4.722911e-01 2.645155e-01 4.149651e-01
RCUBE(8.000000e-01) -3.080608e+00 3.692364e+00 -1.054298e+00 -0.802285 0.097317 -0.588955 0.436428 -0.577511 -0.689936 -0.407270 -0.810562 0.420856  4.650356e-01 4.790816e-01 2.517771e-01
RCUBE(8.000000e-01) -8.285510e-01 -7.148539e+00 3.185709e+00 0.127696 0.926893 -0.352934 0.690481 -0.338532 -0.639244 -0.711990 -0.162066 -0.683231  3.138390e-01 6.921316e-01 2.366581e-01
RCUBE(8.000000e-01) 6.834913e+00 -1.017933e+00 -3.789179e+00 0.131883 -0.846113 0.516430 -0.488252 -0.508848 -0.709002 0.862680 -0.158643 -0.480224  5.465940e-01 5.140848e-01 1.364598e-01
RCUBE(8.000000e-01) -3.936685e+00 -9.501807e-01 -5.504931e+00 -0.755051 0.511515 0.410183 0.526524 0.100218 0.844233 0.390730 0.853410 -0.344995  2.939142e-01 5.171423e-01 4.983916e-01
RCUBE(8.000000e-01) 1.007032e-01 -1.823115e+00 7.660021e+00 0.780998 0.606546 0.148807 -0.623864 0.746670 0.230817 0.028892 -0.273103 0.961551  3.335463e-01 1.919575e-01 7.615400e-01
RCUBE(8.000000e-01) 6.546121e+00 2.014338e+00 3.603139e-01 0.164344 -0.668443 0.725379 0.276778 -0.674586 -0.684345 0.946776 0.313237 0.074146  7.374625e-01 1.949506e-01 3.036891e-01
RCUBE(8.000000e-01) 2.580655e+00 1.589086e-01 2.544249e-01 -0.808567 -0.196125 -0.554755 0.299442 0.674440 -0.674882 0.506510 -0.711805 -0.486602  4.919599e-01 3.441800e-01 2.818229e-01
RCUBE(8.000000e-01) 4.737561e+00 4.740771e+00 -4.144455e+00 -0.573511 -0.595386 0.562673 -0.430871 0.803412 0.410950 -0.696732 -0.006755 -0.717300  3.494025e-01 4.896734e-01 3.730351e-01
RCUBE(8.000000e-01) 6.470848e+00 -4.390177e-01 -1.838636e+00 -0.317152 0.607935 0.727894 -0.067368 0.751137 -0.656700 -0.945979 -0.257311 -0.197269  7.286402e-01 3.086379e-01 2.391751e-01
RCUBE(8.000000e-01) 6.447604e+00 -1.289059e+00 1.964291e+00 -0.957787 0.153778 -0.242890 0.084395 -0.657264 -0.748920 -0.274811 -0.737805 0.616541  7.587903e-01 2.462575e-01 2.839516e-01
RCUBE(8.000000e-01) -4.814211e-01 3.515467e+00 -1.220358e+00 0.407606 0.799234 -0.441681 -0.792677 0.069555 -0.605661 -0.453344 0.596982 0.661885  4.592810e-01 4.697927e-01 2.590236e-01
RCUBE(8.000000e-01) 2.320154e+00 1.011871e+00 8.452845e-01 -0.258428 -0.669033 0.696858 -0.484352 0.713876 0.505751 -0.835834 -0.206825 -0.508533  5.295760e-01 3.307168e-01 2.996927e-01
RCUBE(8.000000e-01) -9.720235e-01 -2.236766e+00 4.080463e+00 0.494798 0.737150 -0.460200 0.610139 -0.671780 -0.420050 -0.618793 -0.072947 -0.782160  2.770769e-01 3.958151e-01 4.589246e-01
RCUBE(8.000000e-01) 1.526011e+00 -4.967615e+00 -5.927035e+00 0.192892 -0.624270 -0.757020 0.085450 0.779265 -0.620841 0.977492 0.055068 0.203657  8.106451e-01 3.021703e-01 1.718451e-01
RCUBE(8.000000e-01) 6.673569e+00 3.058162e-01 -9.391294e-01 -0.218920 -0.709945 0.669367 0.267974 -0.703375 -0.658372 0.938224 0.035242 0.344230  7.173287e-01 2.947032e-01 1.829802e-01
RCUBE(8.000000e-01) 3.094267e+00 -9.240716e-01 -7.161555e+00 -0.367343 0.184053 0.911693 0.918497 0.226040 0.324452 -0.146362 0.956572 -0.252087  4.514428e-01 5.874309e-01 4.223538e-01
RCUBE(8.000000e-01) -5.153415e+00 -5.404262e+00 2.537065e+00 -0.667964 -0.672087 0.319567 0.498600 -0.085379 0.862617 -0.552470 0.735533 0.392133  2.264658e-01 3.616378e-01 5.723095e-01
RCUBE(8.000000e-01) 8.763410e-01 5.393792e+00 -1.285467e+00 0.795279 -0.075242 0.601557 0.244307 0.947907 -0.204419 -0.554839 0.309535 0.772232  3.498068e-01 7.145147e-01 2.736802e-01
RCUBE(8.000000e-01) -3.687030e+00 -3.782700e+00 -4.299131e+00 0.123225 0.730935 -0.671230 0.503557 0.536784 0.676974 0.855129 -0.421422 -0.301922  5.598594e-01 3.546868e-01 3.144551e-01
RCUBE(8.000000e-01) -4.668249e+00 5.027053e+00 -2.132596e-01 -0.691203 -0.689856 0.215258 -0.144005 -0.160412 -0.976489 0.708167 -0.705951 0.011535  2.344681e-01 2.281907e-01 8.261816e-01
RCUBE(8.000000e-01) 2.426723e-01 -5.027235e+00 6.060577e+00 -0.749402 -0.511615 -0.420295 -0.036570 0.665789 -0.745244 0.661105 -0.543117 -0.517653  4.201392e-01 3.234300e-01 4.148503e-01
RCUBE(8.000000e-01) 1.629750e+00 -2.450469e-01 2.320652e+00 -0.285344 -0.696621 0.658254 -0.746249 -0.269484 -0.608680 0.601408 -0.664904 -0.442957  4.143927e-01 3.598685e-01 2.947557e-01
RCUBE(8.000000e-01) -2.914543e+00 3.244056e+00 -6.535180e+00 -0.769997 -0.637011 -0.036353 -0.533156 0.611070 0.585097 -0.350499 0.469905 -0.810148  4.345976e-01 2.826675e-01 4.947031e-01
RCUBE(8.000000e-01) 3.198637e-01 -1.717140e+00 -3.533309e+00 0.472897 -0.598476 -0.646680 0.147820 0.777416 -0.611370 0.868630 0.193523 0.456104  5.803676e-01 4.253319e-01 2.188718e-01
RCUBE(8.000000e-01) -7.823712e-01 -1.281342e+00 6.917875e-01 0.789399 0.271461 0.550598 0.217156 0.715438 -0.664072 -0.574189 0.643783 0.505817  4.705437e-01 3.787413e-01 2.965955e-01
RCUBE(8.000000e-01) -5.353056e+00 -3.602829e+00 -2.293798e+00 -0.761871 -0.595329 -0.255217 0.636127 -0.613452 -0.467995 0.122048 -0.518903 0.846076  4.168440e-01 1.905399e-01 5.481267e-01
RCUBE(8.000000e-01) 6.176540e+00 -2.575945e+00 -1.136484e+00 0.518481 0.485175 0.704118 -0.188855 -0.738136 0.647680 0.833973 -0.468786 -0.291082  5.229684e-01 3.626611e-01 2.993727e-01
