2000 α=0.9
-11.000000 11.000000
-11.000000 11.000000
-11.000000 11.000000
RCUBE(9.000000e-01) -1.640267e+00 -3.820613e+00 -6.749480e+00 0.299258 0.498413 0.813652 -0.326337 0.854770 -0.403574 -0.896632 -0.144752 0.418447  5.670426e-01 4.665651e-01 3.554278e-01
RCUBE(9.000000e-01) 5.473663e+00 1.094121e+00 -1.475306e-01 -0.726987 -0.615551 -0.304281 -0.383993 0.731821 -0.563016 0.569245 -0.292463 -0.768392  3.596093e-01 3.675491e-01 4.258817e-01
RCUBE(9.000000e-01) 2.898611e+00 2.533892e+00 -6.939390e+00 -0.728334 -0.514808 -0.452220 -0.574659 0.818370 -0.006102 0.373224 0.255428 -0.891886  2.159627e-01 4.512906e-01 6.006471e-01
RCUBE(9.000000e-01) 3.184807e+00 2.889966e+00 1.257526e+00 0.736756 0.535186 0.413240 -0.272780 0.794474 -0.542588 -0.618693 0.287031 0.731322  3.649623e-01 4.605346e-01 3.555344e-01
RCUBE(9.000000e-01) 2.331948e+00 4.276554e+00 -5.844509e-02 0.670961 0.633202 0.385832 0.357027 -0.731939 0.580342 0.649879 -0.251635 -0.717173  3.085720e-01 3.897878e-01 3.689467e-01
RCUBE(9.000000e-01) 1.127013e-01 4.248219e+00 -6.661062e+00 0.075156 0.443168 -0.893282 0.658284 -0.694927 -0.289377 -0.749009 -0.566285 -0.343958  3.581154e-01 2.346988e-01 6.214146e-01
RCUBE(9.000000e-01) 1.648448e+00 -2.830298e+00 3.386310e+00 -0.630390 -0.600588 -0.491836 0.281024 -0.767168 0.576610 -0.723626 0.225272 0.652395  3.900335e-01 4.424947e-01 2.906735e-01
RCUBE(9.000000e-01) 2.858797e+00 5.950735e+00 4.395673e+00 0.881132 -0.125981 -0.455779 -0.398007 -0.718040 -0.570973 -0.255335 0.684506 -0.682829  6.035929e-01 3.236247e-01 2.502579e-01
RCUBE(9.000000e-01) 1.093113e+00 5.085001e+00 -2.752756e+00 -0.075828 0.921606 -0.380648 -0.773200 -0.295393 -0.561164 -0.629613 0.251765 0.734984  3.590842e-01 6.678293e-01 2.561094e-01
RCUBE(9.000000e-01) -3.522975e+00 -2.612310e+00 3.522986e+00 -0.748233 0.275674 0.603450 -0.651868 -0.474603 -0.591455 0.123351 -0.835916 0.534817  4.046662e-01 5.344965e-01 1.989003e-01
RCUBE(9.000000e-01) -4.091506e+00 3.161667e+00 2.529649e+00 -0.729801 -0.457383 -0.508125 -0.007926 -0.737532 0.675265 -0.683614 0.496836 0.534626  3.969408e-01 4.064400e-01 3.358286e-01
RCUBE(9.000000e-01) 9.960693e-01 7.028115e+00 -3.523140e+00 -0.842266 -0.251405 -0.476847 0.538584 -0.429699 -0.724766 -0.022691 -0.867269 0.497323  5.010827e-01 5.511244e-01 2.070128e-01
RCUBE(9.000000e-01) -6.817583e+00 1.877375e+00 -3.582440e+00 -0.849699 0.169464 -0.499292 0.257997 0.959467 -0.113409 0.459835 -0.225179 -0.858979  3.497697e-01 6.838933e-01 3.867010e-01
RCUBE(9.000000e-01) -2.551837e+00 7.505377e+00 -4.760302e-01 0.884287 0.322843 0.337355 -0.293363 0.946202 -0.136527 -0.363283 0.021761 0.931425  3.220949e-01 5.759337e-01 5.277256e-01
RCUBE(9.000000e-01) -3.581638e+00 -1.591477e+00 6.927838e+00 0.689118 0.563305 0.455854 0.425380 0.194823 -0.883796 -0.586658 0.802951 -0.105362  1.949748e-01 4.453691e-01 5.973637e-01
RCUBE(9.000000e-01) 7.617737e+00 -1.922144e+00 9.562262e-02 0.373137 0.715784 -0.590273 -0.076758 -0.610225 -0.788501 -0.924596 0.339527 -0.172755  6.749474e-01 1.937401e-01 3.935588e-01
RCUBE(9.000000e-01) 2.124193e+00 6.382452e+00 -9.654479e-01 0.216478 0.965274 -0.146233 -0.620269 0.251654 0.742925 0.753926 -0.070123 0.653207  2.799655e-01 7.790284e-01 2.389547e-01
RCUBE(9.000000e-01) 6.740682e+00 3.910456e+00 1.557411e+00 -0.855972 -0.472341 -0.210252 0.418673 -0.394643 -0.817906 0.303357 -0.788131 0.535559  5.190746e-01 3.729521e-01 4.395525e-01
RCUBE(9.000000e-01) 5.767382e+00 -5.878472e-01 -6.466012e-01 -0.666935 -0.604196 -0.436056 -0.332808 0.765150 -0.551166 0.666660 -0.222469 -0.711387  3.269692e-01 4.337114e-01 3.562019e-01
RCUBE(9.000000e-01) 4.833697e+00 5.642567e+00 -2.825959e+00 0.382696 -0.661190 -0.645269 0.596408 0.710215 -0.374021 0.705578 -0.241707 0.666136  3.614742e-01 3.676362e-01 3.243927e-01
RCUBE(9.000000e-01) -5.016769e+00 8.375178e-01 -4.653057e+00 0.584654 -0.299804 -0.753855 -0.303740 -0.942521 0.139269 -0.752278 0.147552 -0.642111  2.897746e-01 7.156305e-01 2.944798e-01
RCUBE(9.000000e-01) -1.658776e+00 8.203539e-01 -3.362555e+00 0.258828 -0.745302 0.614437 0.695773 0.585091 0.416615 -0.670006 0.319677 0.669999  3.399711e-01 4.094660e-01 3.019512e-01
RCUBE(9.000000e-01) -2.224599e+00 -4.582776e+00 6.105963e+00 -0.258555 -0.567327 0.781850 -0.712437 0.658584 0.242281 -0.652367 -0.494376 -0.574465  3.762318e-01 2.895138e-01 4.604898e-01
RCUBE(9.000000e-01) 3.888356e+00 1.711528e+00 -3.838121e+00 -0.299044 0.784257 -0.543612 -0.650844 0.248977 0.717225 0.697836 0.568289 0.435974  3.200117e-01 4.548601e-01 3.517362e-01
RCUBE(9.000000e-01) 4.806240e+00 1.209600e+00 4.799760e+00 0.755583 0.160702 0.635035 -0.649709 0.307426 0.695246 -0.083499 -0.937904 0.336695  3.447743e-01 7.125149e-01 1.780711e-01
RCUBE(9.000000e-01) 1.995921e+00 -4.415100e+00 -6.254995e+00 -0.377980 0.662912 -0.646281 0.203338 -0.621581 -0.756499 -0.903208 -0.417355 0.100150  6.423082e-01 1.880396e-01 3.785479e-01
RCUBE(9.000000e-01) 1.071219e+00 -4.850720e+00 -6.144362e+00 0.905805 0.401140 -0.136394 0.150736 -0.605954 -0.781088 -0.395974 0.686954 -0.609342  6.421377e-01 1.873063e-01 4.044773e-01
RCUBE(9.000000e-01) -4.666656e+00 2.605438e+00 5.863762e+00 -0.273872 0.747525 -0.605145 0.563878 -0.384914 -0.730673 -0.779125 -0.541339 -0.316096  4.367549e-01 3.848778e-01 3.562192e-01
RCUBE(9.000000e-01) -5.479353e+00 1.493933e+00 3.802379e+00 0.683460 0.538320 0.493046 -0.248119 0.806514 -0.536630 -0.686528 0.244431 0.684787  3.446117e-01 4.906206e-01 3.065158e-01
RCUBE(9.000000e-01) -2.188716e+00 -9.252355e-01 4.002233e+00 -0.685233 -0.519436 -0.510531 0.608462 -0.793528 -0.009307 -0.400286 -0.317016 0.859809  2.427246e-01 4.402476e-01 5.584312e-01
RCUBE(9.000000e-01) -7.016519e+00 -3.102787e+00 -1.935283e+00 -0.317050 0.372125 0.872354 -0.902790 -0.400255 -0.157373 0.290601 -0.837448 0.462852  5.578399e-01 3.795943e-01 4.794905e-01
RCUBE(9.000000e-01) 3.642786e+00 4.578763e+00 -4.348456e-01 0.426218 -0.662533 0.615945 -0.655792 -0.695300 -0.294099 0.623117 -0.278582 -0.730833  2.956238e-01 3.578809e-01 3.957198e-01
RCUBE(9.000000e-01) 1.558932e+00 3.755635e+00 -5.607149e+00 -0.245815 -0.563542 0.788667 0.696926 -0.668245 -0.260274 0.673698 0.485663 0.557011  3.583019e-01 2.937580e-01 4.679661e-01
RCUBE(9.000000e-01) 2.749360e+00 7.634888e-01 -6.344168e-01 0.648412 0.630262 0.427003 -0.665197 0.196275 0.720409 0.370236 -0.751163 0.546516  3.255689e-01 4.166115e-01 3.735524e-01
RCUBE(9.000000e-01) -2.898834e+00 4.499372e+00 -4.214386e+00 0.396029 -0.580110 0.711781 0.664696 -0.353687 -0.658091 0.633514 0.733742 0.245527  2.941052e-01 3.936052e-01 3.629426e-01
RCUBE(9.000000e-01) -1.941260e-01 5.883202e+00 5.333100e+00 0.965084 0.197622 -0.171927 0.261456 -0.686808 0.678185 0.015944 -0.699457 -0.714497  7.878643e-01 2.422175e-01 2.617590e-01
RCUBE(9.000000e-01) 1.111519e+00 3.636430e+00 5.331090e+00 -0.242812 0.819355 -0.519326 0.939449 0.065161 -0.336436 -0.241821 -0.569572 -0.785564  6.822088e-01 3.910376e-01 2.819301e-01
RCUBE(9.000000e-01) -2.504619e+00 -3.946726e+00 -3.127642e+00 -0.792830 0.255916 0.553107 0.233178 -0.711127 0.663269 0.563071 0.654832 0.504129  4.747460e-01 3.735274e-01 2.917172e-01
RCUBE(9.000000e-01) -1.504668e+00 6.635756e-01 7.729283e+00 0.334208 -0.004024 -0.942491 -0.522486 0.831477 -0.188824 0.784419 0.555545 0.275784  2.458187e-01 4.121518e-01 6.854495e-01
RCUBE(9.000000e-01) -2.443991e+00 -2.498569e+00 -3.493861e-01 0.212915 -0.741619 0.636136 0.650898 0.593221 0.473731 -0.728697 0.313195 0.609024  3.964799e-01 4.114640e-01 2.847959e-01
RCUBE(9.000000e-01) 1.179361e+00 -4.962677e+00 -4.652410e+00 -0.177911 0.690635 0.700979 0.373234 -0.611758 0.697459 0.910519 0.385714 -0.148930  6.582740e-01 2.566008e-01 3.168547e-01
RCUBE(9.000000e-01) 5.411733e+00 -4.572890e-01 -2.056222e+00 0.821507 -0.014064 -0.570024 0.406468 0.715543 0.568139 0.399886 -0.698427 0.593540  5.144288e-01 3.647812e-01 2.285825e-01
RCUBE(9.000000e-01) 2.332746e+00 -2.156845e+00 -4.999489e-01 -0.712081 0.225828 0.664787 0.335536 -0.722273 0.604762 0.616730 0.653700 0.438543  3.765361e-01 3.875912e-01 3.152919e-01
RCUBE(9.000000e-01) -4.583535e+00 1.869068e+00 -4.761488e+00 0.496566 0.866526 0.050551 0.619948 -0.313296 -0.719382 -0.607525 0.388559 -0.692773  1.775871e-01 5.819009e-01 3.567487e-01
RCUBE(9.000000e-01) -6.781474e-03 4.921336e+00 -4.788876e+00 -0.710329 -0.580687 -0.397788 0.701967 -0.542908 -0.460970 0.051717 -0.606674 0.793267  3.693497e-01 2.644583e-01 4.762078e-01
RCUBE(9.000000e-01) 5.104502e+00 4.007189e+00 4.591122e+00 0.154262 -0.838139 0.523188 0.762272 -0.235937 -0.602723 0.628606 0.491789 0.602494  4.209963e-01 5.366792e-01 2.076726e-01
RCUBE(9.000000e-01) 2.177099e+00 -5.644550e-01 -5.340353e+00 -0.305410 0.728159 -0.613603 -0.666604 0.296661 0.683836 0.679974 0.617881 0.394790  3.261296e-01 3.881573e-01 3.266452e-01
RCUBE(9.000000e-01) 4.583795e+00 -3.389325e-01 -1.442543e+00 -0.471652 -0.684303 -0.556124 -0.801270 0.069311 0.594275 -0.368118 0.725896 -0.581002  4.868691e-01 3.860838e-01 2.508108e-01
RCUBE(9.000000e-01) -4.474220e+00 4.178619e+00 3.021593e+00 -0.604503 0.588869 0.536480 -0.095345 0.615133 -0.782637 -0.790877 -0.524257 -0.315704  4.687508e-01 2.603661e-01 4.568097e-01
RCUBE(9.000000e-01) -1.547353e+00 4.261147e+00 -6.359286e-01 -0.366269 0.826042 -0.428370 -0.730502 -0.540419 -0.417509 -0.576380 0.160005 0.801364  3.080087e-01 4.932674e-01 4.484027e-01
RCUBE(9.000000e-01) 3.804179e-01 3.518696e-02 5.744598e+00 0.288863 -0.813182 0.505266 -0.684998 -0.544256 -0.484317 0.668832 -0.206205 -0.714243  3.245157e-01 4.973183e-01 3.430584e-01
RCUBE(9.000000e-01) 2.702687e+00 -2.418818e+00 5.856698e+00 0.371715 -0.305437 0.876662 0.778106 -0.412548 -0.473661 0.506339 0.858203 0.084312  2.991879e-01 5.028406e-01 5.437447e-01
RCUBE(9.000000e-01) -1.330765e+00 -4.802231e+00 -2.996275e+00 -0.266150 0.677673 -0.685509 0.593904 0.675427 0.437122 0.759237 -0.290787 -0.582238  4.277910e-01 3.390048e-01 3.229732e-01
RCUBE(9.000000e-01) -2.679051e+00 2.568603e+00 3.115063e+00 0.678694 -0.311767 -0.664963 0.711834 0.502072 0.491137 0.180739 -0.806675 0.562680  3.474669e-01 4.901617e-01 2.689849e-01
RCUBE(9.000000e-01) 6.933109e-01 -1.906633e+00 5.423023e+00 -0.406746 -0.334527 0.850088 0.672486 -0.739470 0.030772 0.618320 0.584189 0.525741  3.067888e-01 3.847689e-01 5.552359e-01
RCUBE(9.000000e-01) 2.871388e+00 2.238751e+00 4.288071e+00 -0.770261 0.139767 0.622224 -0.251960 0.829612 -0.498257 -0.585845 -0.540563 -0.603802  4.330262e-01 5.233998e-01 2.499465e-01
RCUBE(9.000000e-01) 6.589398e-01 7.029920e-01 -4.650726e+00 -0.327608 0.707877 -0.625766 0.653446 -0.308612 -0.691207 -0.682408 -0.635350 -0.361456  3.266525e-01 3.618978e-01 3.389593e-01
RCUBE(9.000000e-01) -3.387805e+00 2.968792e+00 3.720917e+00 0.166310 -0.816353 0.553090 0.715271 0.485973 0.502212 -0.678769 0.312086 0.664736  3.494276e-01 5.036485e-01 2.626695e-01
RCUBE(9.000000e-01) 3.224396e+00 -3.427655e+00 -8.441991e-01 0.620152 0.661813 0.421207 0.358490 -0.716663 0.598230 0.697780 -0.219995 -0.681693  3.599705e-01 3.797757e-01 3.352823e-01
RCUBE(9.000000e-01) 1.058425e+00 -3.296663e+00 5.579507e-01 -0.755303 0.166052 0.633991 -0.586494 -0.602966 -0.540793 0.292475 -0.780294 0.552810  4.258820e-01 4.589587e-01 2.751142e-01
RCUBE(9.000000e-01) 1.374360e-01 1.141143e+00 5.150847e-01 0.683745 -0.254246 -0.683997 0.277492 -0.776332 0.565957 -0.674901 -0.576773 -0.460262  3.449517e-01 4.503046e-01 3.169511e-01
RCUBE(9.000000e-01) 1.566884e+00 3.818093e-01 7.806570e+00 -0.187293 -0.046267 -0.981214 -0.168440 0.985608 -0.014323 0.967755 0.162593 -0.192391  3.644382e-01 5.070767e-01 4.828875e-01
RCUBE(9.000000e-01) 1.402820e+00 1.633135e+00 -2.269467e+00 0.658669 0.621737 0.423791 0.682772 -0.257188 -0.683869 -0.316193 0.739796 -0.593906  3.443823e-01 4.048238e-01 3.285500e-01
RCUBE(9.000000e-01) -3.429731e+00 -6.268732e+00 3.462202e+00 -0.631505 -0.100913 -0.768777 -0.677079 0.554932 0.483337 0.377844 0.825753 -0.418768  2.812574e-01 5.100089e-01 4.163974e-01
RCUBE(9.000000e-01) 4.405395e+00 5.065331e+00 -1.370432e+00 -0.420638 -0.905072 -0.062513 -0.657513 0.351610 -0.666369 0.625092 -0.239197 -0.742997  1.757479e-01 6.471366e-01 3.603123e-01
RCUBE(9.000000e-01) 2.189603e+00 7.499548e+00 -1.443102e+00 -0.799233 0.062606 -0.597752 -0.221866 -0.955047 0.196621 -0.558572 0.289767 0.777195  3.459713e-01 7.302709e-01 2.676112e-01
RCUBE(9.000000e-01) -6.173756e+00 -2.389313e+00 4.562869e-01 -0.717497 -0.536116 -0.444721 -0.237413 0.788443 -0.567444 0.654853 -0.301557 -0.692987  3.522796e-01 4.612228e-01 3.119685e-01
RCUBE(9.000000e-01) 6.921158e+00 3.686072e+00 -1.080153e+00 0.184516 -0.530435 -0.827401 -0.394854 0.730921 -0.556638 0.900025 0.429411 -0.074577  6.130742e-01 1.762314e-01 4.613345e-01
RCUBE(9.000000e-01) -3.018123e+00 -3.486909e+00 -5.257245e-01 0.681792 -0.351761 -0.641424 -0.223669 0.734582 -0.640595 0.696514 0.580219 0.422154  3.477041e-01 3.987549e-01 2.959540e-01
RCUBE(9.000000e-01) -6.154749e+00 -1.974772e+00 4.610380e+00 0.461715 -0.839769 0.285669 -0.470504 -0.504871 -0.723693 0.751961 0.199731 -0.628221  3.729714e-01 5.267424e-01 3.183844e-01
RCUBE(9.000000e-01) 4.653141e+00 -2.212404e+00 4.527270e+00 0.580332 -0.423560 0.695566 0.656734 -0.261664 -0.707271 0.481576 0.867254 0.126314  2.337565e-01 5.826406e-01 3.475383e-01
RCUBE(9.000000e-01) -6.064778e-01 -2.231227e+00 5.352851e+00 0.666577 0.557882 0.494411 -0.248229 -0.459276 0.852905 0.702892 -0.691254 -0.167660  3.497000e-01 3.046086e-01 5.596092e-01
RCUBE(9.000000e-01) 1.380589e+00 2.931938e+00 6.062737e+00 0.118628 0.520945 0.845307 -0.228708 0.842763 -0.487281 -0.966240 -0.135523 0.219119  7.131563e-01 3.429619e-01 3.536690e-01
RCUBE(9.000000e-01) 3.953372e+00 5.911951e-01 1.246417e-01 -0.627968 0.256061 0.734907 0.354028 -0.746961 0.562773 0.693051 0.613581 0.378415  3.199611e-01 4.028944e-01 3.848804e-01
RCUBE(9.000000e-01) 1.225057e+00 -3.122641e-01 -7.837382e+00 -0.512436 0.849548 -0.125208 0.830831 0.527353 0.177815 0.217091 -0.012908 -0.976066  2.679075e-01 3.673062e-01 7.453319e-01
RCUBE(9.000000e-01) 4.659530e+00 -2.647464e+00 -5.878221e+00 0.386937 -0.703713 0.595876 -0.559218 0.334731 0.758440 -0.733182 -0.626693 -0.264009  3.778736e-01 3.310299e-01 4.165237e-01
RCUBE(9.000000e-01) -1.259315e+00 5.560941e+00 -5.559699e+00 0.638440 -0.472684 -0.607424 -0.756177 -0.532350 -0.380526 -0.143493 0.702263 -0.697306  4.276263e-01 3.564274e-01 3.603918e-01
RCUBE(9.000000e-01) 2.341704e+00 -4.570093e+00 4.576228e+00 0.339444 -0.656003 0.674120 0.723322 -0.276107 -0.632906 0.601317 0.702442 0.380779  3.805559e-01 3.515262e-01 3.108635e-01
RCUBE(9.000000e-01) 2.453173e-01 -1.798339e+00 -5.485721e+00 0.103541 -0.587360 -0.802675 -0.926829 -0.349823 0.136427 -0.360926 0.729817 -0.580603  6.741115e-01 1.645333e-01 4.078450e-01
RCUBE(9.000000e-01) 2.432818e+00 -8.806660e-01 -2.509153e+00 0.632327 0.643754 0.430979 0.335850 -0.729113 0.596322 0.698117 -0.232326 -0.677243  3.610478e-01 3.942315e-01 3.267572e-01
RCUBE(9.000000e-01) 1.741430e+00 1.441840e+00 5.387068e+00 -0.137551 -0.545382 -0.826824 0.962275 0.124257 -0.242046 0.234746 -0.828926 0.507716  7.188065e-01 3.428974e-01 3.346441e-01
RCUBE(9.000000e-01) 5.939498e+00 1.911050e+00 4.953922e+00 -0.734874 -0.246809 -0.631700 0.678169 -0.258106 -0.688090 0.006781 -0.934059 0.357053  3.183638e-01 7.060093e-01 1.843699e-01
RCUBE(9.000000e-01) 8.651416e-01 4.880165e+00 -6.236642e+00 -0.665678 0.635619 0.390975 0.114181 0.604514 -0.788369 -0.737452 -0.480158 -0.474987  3.911924e-01 2.626755e-01 4.652004e-01
RCUBE(9.000000e-01) 6.509497e+00 1.136797e+00 -4.407155e+00 -0.462497 0.706668 -0.535459 -0.287428 -0.690820 -0.663440 -0.838738 -0.152933 0.522618  5.372683e-01 3.410854e-01 2.538634e-01
RCUBE(9.000000e-01) -4.569081e+00 -6.855049e-01 -5.144154e+00 -0.151449 -0.949545 0.274641 0.706897 -0.298250 -0.641361 0.690913 0.097010 0.716400  2.686906e-01 7.434369e-01 2.610005e-01
RCUBE(9.000000e-01) -4.157563e+00 -6.243825e+00 2.594282e+00 0.586604 -0.123374 0.800421 0.566385 0.768932 -0.296566 -0.578881 0.627314 0.520936  2.344052e-01 4.385800e-01 4.835623e-01
RCUBE(9.000000e-01) -4.473399e+00 5.437256e+00 -3.694538e+00 0.703232 0.681667 0.201976 -0.536545 0.695236 -0.478294 -0.466459 0.227983 0.854658  3.086867e-01 3.272011e-01 5.599094e-01
RCUBE(9.000000e-01) -6.903831e+00 -2.318013e-01 1.779344e-02 0.103279 -0.833283 0.543114 0.020025 -0.544181 -0.838729 0.994451 0.097499 -0.039516  8.129424e-01 2.301845e-01 2.953782e-01
RCUBE(9.000000e-01) -2.281073e+00 -3.765444e+00 -1.216961e+00 -0.693497 0.342125 0.634044 -0.230104 0.728782 -0.644925 -0.682725 -0.593150 -0.426684  3.558692e-01 3.933334e-01 2.986497e-01
RCUBE(9.000000e-01) -2.634496e+00 -1.280678e+00 4.939736e+00 0.617471 -0.786256 -0.023041 0.402073 0.340666 -0.849873 0.676067 0.515508 0.526484  2.562200e-01 4.351511e-01 5.449100e-01
RCUBE(9.000000e-01) 7.653291e-01 -4.829312e+00 4.789069e+00 -0.084622 0.682673 -0.725807 -0.666960 -0.579978 -0.467749 -0.740272 0.444503 0.504395  4.080805e-01 3.443850e-01 3.894590e-01
RCUBE(9.000000e-01) 2.122772e+00 -9.968070e-01 -7.604966e+00 0.277976 -0.153537 -0.948238 0.498772 -0.820573 0.279081 -0.820948 -0.550533 -0.151520  3.512255e-01 3.499476e-01 6.891819e-01
RCUBE(9.000000e-01) -2.702271e+00 -3.183474e+00 -1.971995e+00 -0.648162 0.387870 0.655319 0.728793 0.565466 0.386146 -0.220787 0.727877 -0.649190  3.865048e-01 3.852292e-01 3.078290e-01
RCUBE(9.000000e-01) 4.340279e+00 -5.319148e+00 5.011720e-01 -0.705675 0.708380 -0.014838 0.627949 0.634977 0.449981 0.328180 0.308223 -0.892915  3.211844e-01 3.275222e-01 6.263830e-01
RCUBE(9.000000e-01) 3.415023e+00 2.983697e+00 -5.148194e+00 0.413241 0.525598 -0.743626 0.709423 -0.697799 -0.098973 -0.570921 -0.486645 -0.661230  3.741498e-01 3.564814e-01 4.136918e-01
RCUBE(9.000000e-01) 1.069623e+00 -2.057746e+00 -6.445728e+00 -0.295273 0.410072 0.862934 -0.416156 0.757819 -0.502518 -0.860016 -0.507495 -0.053110  5.204886e-01 2.694605e-01 5.266753e-01
RCUBE(9.000000e-01) -4.911057e+00 6.219764e+00 7.203854e-01 0.214075 0.269717 -0.938842 -0.777208 -0.535171 -0.330967 -0.591709 0.800528 0.095059  2.912178e-01 3.633238e-01 6.895573e-01
RCUBE(9.000000e-01) 4.559693e+00 3.274666e+00 9.012010e-01 -0.656318 -0.637787 -0.403081 0.333387 -0.724414 0.603389 -0.676831 0.261633 0.688076  3.370753e-01 3.856309e-01 3.367443e-01
RCUBE(9.000000e-01) -6.667683e+00 -3.961553e+00 -1.436264e+00 0.832398 0.501231 0.236391 -0.440220 0.338943 0.831459 0.336630 -0.796169 0.502787  4.710310e-01 3.928471e-01 4.690730e-01
RCUBE(9.000000e-01) 6.262459e+00 1.488740e+00 2.456514e+00 -0.138890 0.874164 -0.465346 -0.891185 -0.315245 -0.326207 -0.431856 0.369403 0.822826  5.422184e-01 5.001763e-01 3.593445e-01
RCUBE(9.000000e-01) 3.912520e+00 -6.260577e+00 -2.941784e+00 -0.839776 -0.542906 0.005435 -0.491904 0.765047 0.415611 -0.229796 0.346347 -0.909526  4.608007e-01 2.424407e-01 6.177699e-01
RCUBE(9.000000e-01) -1.677865e+00 -5.017973e+00 1.758434e+00 0.223015 -0.765574 0.603457 -0.645242 -0.579958 -0.497305 0.730703 -0.278469 -0.623320  3.983097e-01 4.407649e-01 2.525312e-01
RCUBE(9.000000e-01) -2.915864e+00 7.367932e+00 5.675910e-01 -0.885992 -0.336762 -0.318763 -0.383923 0.918256 0.096996 0.260041 0.208318 -0.942859  3.737630e-01 4.991795e-01 5.780950e-01
RCUBE(9.000000e-01) 4.386567e+00 -5.417535e+00 3.803107e+00 -0.574815 0.082799 0.814083 0.569667 -0.673697 0.470756 0.587424 0.734354 0.340084  2.304232e-01 3.934367e-01 5.041076e-01
RCUBE(9.000000e-01) 1.963624e+00 -5.003141e-01 4.495117e+00 -0.189577 0.863759 -0.466885 0.691539 -0.220099 -0.687990 -0.697018 -0.453296 -0.555597  3.338833e-01 5.754878e-01 2.815262e-01
RCUBE(9.000000e-01) 4.280051e+00 2.346957e-01 -3.951378e+00 0.764276 -0.110382 -0.635372 -0.513679 -0.699867 -0.496307 -0.389892 0.705693 -0.591593  4.385944e-01 3.690540e-01 2.928244e-01
RCUBE(9.000000e-01) -1.729098e+00 -6.534535e+00 -1.225668e+00 -0.770055 0.192065 0.608380 -0.339927 -0.930492 -0.136506 0.539875 -0.311922 0.781818  3.083404e-01 6.775939e-01 3.418250e-01
RCUBE(9.000000e-01) 4.245743e-01 6.360086e+00 -2.312539e+00 0.570607 -0.252981 -0.781286 0.819300 0.240437 0.520516 0.056170 -0.937118 0.344463  3.961804e-01 6.782810e-01 2.747920e-01
RCUBE(9.000000e-01) 1.356312e+00 1.396353e+00 -4.255186e+00 -0.666655 0.252391 0.701335 -0.309534 0.762212 -0.568526 -0.678056 -0.596098 -0.430008  3.270708e-01 4.297469e-01 3.416470e-01
RCUBE(9.000000e-01) 5.511373e+00 -6.212396e-02 5.707624e+00 -0.675025 0.271551 0.686004 0.720535 0.042698 0.692103 0.158650 0.961477 -0.224484  2.764366e-01 7.769360e-01 2.351502e-01
RCUBE(9.000000e-01) -6.749408e+00 -5.309849e-01 1.497106e+00 0.176775 -0.838178 0.515953 0.970873 0.062358 -0.231336 0.161727 0.541820 0.824788  7.392810e-01 3.557881e-01 2.953625e-01
RCUBE(9.000000e-01) 5.939332e+00 -2.012031e+00 2.771337e+00 -0.559083 0.237642 0.794325 0.503005 -0.664376 0.552803 0.659100 0.708612 0.251906  2.832047e-01 3.705348e-01 4.765324e-01
RCUBE(9.000000e-01) -6.429605e+00 -4.308743e+00 1.877366e+00 -0.806557 -0.542393 0.235107 -0.330035 0.743104 0.582129 -0.490452 0.391926 -0.778364  4.662681e-01 3.508207e-01 4.164144e-01
RCUBE(9.000000e-01) 2.090831e+00 9.828940e-01 1.751024e-01 -0.402720 0.744019 -0.533154 -0.659308 0.168251 0.732806 0.634925 0.646628 0.422779  3.192683e-01 4.076239e-01 3.921146e-01
RCUBE(9.000000e-01) 2.570871e+00 2.265967e+00 2.677880e+00 -0.600465 -0.588938 -0.540919 0.304673 -0.793917 0.526184 -0.739335 0.151152 0.656154  4.049101e-01 4.770919e-01 2.958478e-01
RCUBE(9.000000e-01) 2.338355e+00 3.515435e-01 -4.361353e+00 -0.667632 -0.627545 -0.400568 -0.323252 0.729025 -0.603349 0.670653 -0.273331 -0.689576  3.306058e-01 3.899774e-01 3.358511e-01
RCUBE(9.000000e-01) 4.933306e+00 -5.443337e+00 2.927991e+00 0.603869 0.721748 0.338264 -0.544023 0.063032 0.836699 0.582565 -0.689280 0.430711  2.023373e-01 3.718772e-01 5.363328e-01
RCUBE(9.000000e-01) -5.374176e+00 4.739417e+00 -3.483579e+00 -0.417233 0.201328 0.886219 0.672638 -0.587335 0.450107 0.611127 0.783903 0.109635  2.158437e-01 4.214998e-01 6.070863e-01
RCUBE(9.000000e-01) 9.370941e-01 1.844487e+00 6.460737e+00 -0.083982 -0.492698 -0.866138 -0.232496 0.854907 -0.463767 0.968965 0.162425 -0.186347  7.013516e-01 3.327112e-01 3.835642e-01
RCUBE(9.000000e-01) 2.808128e+00 -3.991094e-01 -3.804497e+00 0.364882 -0.699295 0.614694 -0.611250 -0.677929 -0.408395 0.702306 -0.226715 -0.674808  3.634475e-01 3.603605e-01 3.301275e-01
RCUBE(9.000000e-01) -4.974498e+00 -2.613311e+00 5.627279e+00 0.514752 0.461879 0.722286 0.640736 0.352509 -0.682052 -0.569638 0.813883 -0.114488  2.278445e-01 5.013882e-01 3.653144e-01
RCUBE(9.000000e-01) -2.043457e+00 -2.394697e+00 -3.335781e+00 0.242191 -0.733710 0.634833 -0.715644 0.306722 0.627515 -0.655131 -0.606293 -0.450790  3.811313e-01 4.012290e-01 2.833226e-01
RCUBE(9.000000e-01) 1.200973e-02 1.418205e+00 -7.704444e+00 -0.605601 0.795423 0.023462 -0.216287 -0.192902 0.957084 0.765812 0.574536 0.288861  2.373707e-01 3.475332e-01 7.402810e-01
RCUBE(9.000000e-01) -5.794904e+00 -5.459816e+00 1.556423e-02 -0.576169 0.584079 0.571735 -0.396186 0.412256 -0.820415 -0.714889 -0.699211 -0.006125  3.658141e-01 3.476878e-01 5.130189e-01
RCUBE(9.000000e-01) -1.206390e+00 4.605848e+00 -3.268495e+00 0.309481 -0.722805 0.617879 -0.658905 0.305493 0.687400 -0.685614 -0.619860 -0.381716  3.284166e-01 3.803765e-01 3.309695e-01
RCUBE(9.000000e-01) -6.014191e+00 -2.263539e+00 2.404548e+00 0.236156 -0.787227 0.569652 0.073883 0.599083 0.797271 -0.968902 -0.146193 0.199640  7.669458e-01 2.730233e-01 3.143937e-01
RCUBE(9.000000e-01) -2.487915e+00 -2.336594e+00 5.959610e+00 0.651998 0.534702 0.537580 -0.323591 -0.444962 0.835044 0.685703 -0.718402 -0.117090  3.356041e-01 3.519123e-01 5.317068e-01
RCUBE(9.000000e-01) 3.618261e+00 -2.597707e-01 -5.825229e+00 0.663883 0.642141 0.383294 -0.374813 0.729225 -0.572492 -0.647128 0.236405 0.724802  3.055815e-01 3.862846e-01 3.800748e-01
RCUBE(9.000000e-01) 4.713824e+00 -4.873948e-01 -3.347891e+00 -0.713871 0.229883 0.661470 -0.604922 -0.678296 -0.417113 0.352785 -0.697903 0.623277  3.764724e-01 3.598273e-01 3.156575e-01
RCUBE(9.000000e-01) -5.007349e+00 5.931623e+00 -1.613529e+00 0.749458 0.572234 0.332957 -0.548910 0.818257 -0.170743 -0.370149 -0.054799 0.927355  1.929713e-01 4.224866e-01 6.664486e-01
RCUBE(9.000000e-01) 3.902887e+00 -5.029382e+00 -4.720593e+00 0.224657 -0.509858 0.830406 -0.524939 0.654638 0.543956 -0.820955 -0.558116 -0.120575  4.960979e-01 1.902348e-01 5.122430e-01
RCUBE(9.000000e-01) 3.309864e+00 3.857535e+00 2.583062e+00 -0.239620 0.848690 -0.471495 0.632757 -0.231813 -0.738838 -0.736343 -0.475382 -0.481468  3.395066e-01 5.409504e-01 3.444188e-01
RCUBE(9.000000e-01) 3.132868e+00 3.739484e+00 4.672531e+00 -0.203218 0.845326 -0.494091 -0.866577 0.079626 0.492650 0.455793 0.528283 0.716359  5.514524e-01 5.092036e-01 1.688392e-01
RCUBE(9.000000e-01) -5.614863e-01 -1.379109e+00 -4.494079e+00 0.682284 -0.315914 -0.659308 -0.274951 0.724732 -0.631795 0.677414 0.612341 0.407613  3.430528e-01 3.867571e-01 2.980173e-01
RCUBE(9.000000e-01) 4.662425e+00 -8.647607e-01 1.430895e+00 -0.638301 -0.647864 -0.415746 0.675658 -0.212722 -0.705858 0.368862 -0.731452 0.573515  3.364026e-01 3.943155e-01 3.599662e-01
RCUBE(9.000000e-01) -3.914196e+00 -2.471657e+00 -4.245349e-01 -0.230070 0.745964 -0.624985 0.715963 -0.305232 -0.627877 -0.659139 -0.591922 -0.463858  3.817614e-01 4.159594e-01 2.741412e-01
RCUBE(9.000000e-01) -5.555173e+00 1.195481e+00 -3.861663e+00 0.554260 -0.295795 -0.778011 -0.709530 0.320776 -0.627431 0.435158 0.899782 -0.032081  2.226203e-01 6.276176e-01 3.924767e-01
RCUBE(9.000000e-01) -4.651366e+00 -3.011957e+00 -4.111740e+00 0.649286 0.533370 0.542167 0.239676 -0.820039 0.519703 0.721792 -0.207492 -0.660276  3.804631e-01 5.123468e-01 2.813547e-01
RCUBE(9.000000e-01) 4.751048e+00 -2.622420e+00 -4.171313e+00 -0.642934 -0.651752 -0.402311 0.322526 -0.706804 0.629607 -0.694703 0.275040 0.664636  3.553350e-01 3.676686e-01 3.136317e-01
RCUBE(9.000000e-01) -3.256560e+00 2.446979e+00 -2.321113e-01 -0.282819 0.801229 -0.527300 0.605554 -0.277184 -0.745971 -0.743853 -0.530283 -0.406795  3.674666e-01 4.658633e-01 3.712544e-01
RCUBE(9.000000e-01) 2.455186e+00 -1.836880e+00 -3.602025e+00 0.363952 -0.708477 0.604648 0.664955 -0.256929 -0.701301 0.652207 0.657303 0.377596  3.228219e-01 3.652201e-01 3.556467e-01
RCUBE(9.000000e-01) 6.061374e+00 -3.128745e+00 -4.673236e-01 0.790331 -0.607474 -0.079701 -0.580887 -0.701593 -0.412720 0.194799 0.372483 -0.907364  4.117593e-01 2.041916e-01 6.415828e-01
RCUBE(9.000000e-01) -2.018639e+00 -2.106331e+00 5.004275e+00 -0.688692 -0.497868 -0.527096 0.616213 -0.785002 -0.063658 -0.382079 -0.368645 0.847418  2.585933e-01 4.303796e-01 5.391673e-01
RCUBE(9.000000e-01) -4.104911e+00 2.814164e+00 -4.788690e+00 0.490481 0.868233 0.074836 0.571900 -0.385490 0.724105 0.657540 -0.312361 -0.685617  2.135690e-01 5.830068e-01 3.474218e-01
RCUBE(9.000000e-01) -4.048778e+00 -7.398074e-01 1.781867e-01 0.713352 0.514798 0.475513 0.684123 -0.364367 -0.631833 -0.152005 0.776028 -0.612107  3.633062e-01 4.509671e-01 2.691882e-01
RCUBE(9.000000e-01) -7.640661e-01 -2.533898e+00 3.912423e+00 -0.192331 -0.516820 0.834210 -0.739180 0.635431 0.223249 -0.645462 -0.573694 -0.504236  3.960996e-01 2.453721e-01 5.326203e-01
RCUBE(9.000000e-01) -1.178487e+00 3.575552e+00 -4.374443e+00 0.697684 -0.431307 -0.572023 0.168118 -0.677597 0.715960 -0.696400 -0.595681 -0.400239  3.587974e-01 3.365993e-01 3.794712e-01
RCUBE(9.000000e-01) 2.939010e+00 -3.664426e+00 6.411736e+00 -0.511853 -0.827331 -0.231364 -0.785398 0.341545 0.516234 -0.348075 0.445949 -0.824605  3.820514e-01 4.700130e-01 4.645005e-01
RCUBE(9.000000e-01) -6.840352e-01 3.176683e+00 -6.116621e+00 0.706168 -0.602144 -0.372491 -0.002003 0.524383 -0.851480 0.708042 0.602034 0.369097  3.470981e-01 1.849534e-01 5.584034e-01
RCUBE(9.000000e-01) -4.168227e+00 6.995564e-01 -1.307976e+00 -0.701470 -0.554709 -0.447479 -0.177254 0.743924 -0.644328 0.690305 -0.372659 -0.620164  3.554020e-01 4.116028e-01 3.011557e-01
RCUBE(9.000000e-01) -2.667321e+00 -1.709845e+00 -9.984504e-01 -0.184228 0.762668 -0.619998 0.686288 -0.351749 -0.636617 -0.703611 -0.542780 -0.458607  3.526562e-01 4.339623e-01 2.759807e-01
RCUBE(9.000000e-01) -3.925485e+00 2.644657e+00 -3.378138e+00 -0.546719 -0.834590 -0.067515 0.619642 -0.349042 -0.703004 0.563154 -0.426181 0.707974  2.057134e-01 5.328998e-01 3.521688e-01
RCUBE(9.000000e-01) -6.132870e+00 -7.427723e-01 -4.873022e+00 -0.069608 -0.961431 0.266092 -0.591842 0.254525 0.764814 -0.803043 -0.104248 -0.586732  3.591083e-01 7.504093e-01 1.794294e-01
RCUBE(9.000000e-01) -4.049658e-01 -6.126119e+00 -3.149286e+00 0.046704 0.888260 0.456961 0.483268 -0.420453 0.767901 0.874226 0.184971 -0.448904  5.307763e-01 5.626971e-01 2.149843e-01
RCUBE(9.000000e-01) 1.058309e+00 -9.335602e-01 3.797394e+00 -0.659002 -0.587897 -0.469141 -0.302460 0.778223 -0.550352 0.688647 -0.220786 -0.690666  3.500871e-01 4.535341e-01 3.288540e-01
RCUBE(9.000000e-01) -4.759054e+00 -6.135211e+00 1.756630e+00 0.591796 -0.602857 -0.535109 -0.591829 -0.775650 0.219328 -0.547281 0.186896 -0.815815  2.118990e-01 4.441493e-01 5.038339e-01
RCUBE(9.000000e-01) 2.341433e+00 -4.320797e+00 3.019172e+00 0.718888 -0.227494 -0.656846 0.341901 -0.707011 0.619063 -0.605230 -0.669614 -0.430481  3.832116e-01 3.705206e-01 3.094247e-01
RCUBE(9.000000e-01) -7.710550e-01 4.783672e+00 -1.546242e-01 0.746669 0.516265 0.419471 -0.591910 0.227913 0.773110 0.303527 -0.825546 0.475758  3.496080e-01 4.955185e-01 4.006671e-01
RCUBE(9.000000e-01) 6.173002e-01 4.360339e+00 2.650799e+00 0.624647 -0.252613 -0.738920 0.741318 0.489279 0.459405 0.245486 -0.834741 0.492893  3.532270e-01 5.180883e-01 3.486503e-01
RCUBE(9.000000e-01) 3.229026e-01 -3.010188e+00 -3.522856e+00 -0.305752 0.703576 -0.641480 -0.655770 -0.644079 -0.393863 -0.690277 0.300239 0.658312  3.499668e-01 3.633308e-01 3.047819e-01
RCUBE(9.000000e-01) -4.388367e+00 2.644344e+00 -6.068808e+00 -0.688258 0.301236 0.659969 0.421154 0.906634 0.025383 -0.590704 0.295419 -0.750864  2.031042e-01 6.471578e-01 3.577814e-01
RCUBE(9.000000e-01) -6.475454e+00 1.147063e+00 -1.883890e+00 -0.602381 0.348152 0.718281 0.334403 0.927162 -0.168953 -0.724784 0.138421 -0.674928  2.854874e-01 6.889892e-01 2.779072e-01
RCUBE(9.000000e-01) -1.904614e+00 -4.112333e+00 1.027653e+00 -0.199963 0.793541 -0.574723 0.626674 0.554487 0.547561 0.753189 -0.250672 -0.608169  4.217908e-01 4.762501e-01 2.314387e-01
RCUBE(9.000000e-01) -9.762698e-02 -1.234494e+00 5.632260e+00 0.667835 -0.744240 0.010153 -0.653123 -0.592505 -0.471559 0.356969 0.308293 -0.881776  2.895061e-01 3.723730e-01 6.049428e-01
RCUBE(9.000000e-01) 2.195826e+00 -3.422580e+00 5.550482e+00 0.612968 0.742102 0.271210 -0.326112 0.550281 -0.768662 -0.719668 0.382720 0.579313  3.463992e-01 3.833803e-01 4.256614e-01
RCUBE(9.000000e-01) 1.912697e-01 -7.733546e+00 1.785621e+00 -0.772859 0.166104 0.612453 0.634321 0.174785 0.753052 0.018038 0.970495 -0.240447  3.016744e-01 7.893696e-01 2.169405e-01
RCUBE(9.000000e-01) -7.581452e+00 2.283738e+00 6.912581e-01 0.157925 0.807459 -0.568392 -0.958754 0.263149 0.107444 0.236328 0.527979 0.815712  7.235393e-01 3.122142e-01 3.428603e-01
RCUBE(9.000000e-01) 7.234321e+00 2.098088e+00 2.522170e+00 -0.880777 -0.286001 -0.377405 -0.466495 0.387185 0.795280 -0.081326 0.876522 -0.474441  5.354577e-01 5.255037e-01 3.081777e-01
RCUBE(9.000000e-01) -1.535085e+00 -1.323819e+00 -9.181592e-01 -0.681163 -0.599727 -0.419934 -0.678182 0.300760 0.670532 -0.275837 0.741533 -0.611590  3.393903e-01 4.061479e-01 3.071421e-01
RCUBE(9.000000e-01) 1.496134e+00 -3.293633e-01 2.561070e+00 -0.307421 0.773737 -0.553916 0.709382 -0.201640 -0.675365 -0.634247 -0.600559 -0.486887  3.733245e-01 4.499953e-01 3.162979e-01
RCUBE(9.000000e-01) 2.092953e-01 -5.242549e+00 -4.389372e+00 0.376411 -0.618769 0.689522 -0.097358 0.713720 0.693632 -0.921323 -0.328221 0.208409  6.794360e-01 2.918503e-01 2.994257e-01
RCUBE(9.000000e-01) -2.980606e+00 -2.688987e+00 7.804209e-01 -0.646829 -0.585942 -0.488144 0.207054 -0.750959 0.627048 -0.733990 0.304520 0.607064  4.026473e-01 4.228864e-01 2.748381e-01
RCUBE(9.000000e-01) 5.120098e+00 3.174484e-01 -2.692045e+00 -0.408673 0.706747 -0.577490 -0.383745 -0.707152 -0.593865 -0.828086 -0.021088 0.560205  5.238856e-01 3.559567e-01 2.190196e-01
RCUBE(9.000000e-01) 2.013489e+00 -6.090208e+00 -4.680138e+00 0.914325 0.385695 -0.123486 0.315791 -0.488108 0.813650 0.253546 -0.782937 -0.568088  6.302211e-01 3.175805e-01 4.014274e-01
RCUBE(9.000000e-01) 5.391122e+00 7.423365e-01 1.290726e+00 -0.521516 0.299185 0.799068 -0.781064 -0.544367 -0.305945 0.343453 -0.783679 0.517579  4.084970e-01 4.134589e-01 4.422443e-01
RCUBE(9.000000e-01) 3.986018e+00 5.149527e+00 -4.542026e+00 0.773372 -0.058839 0.631216 0.533482 0.598301 -0.597856 -0.342480 0.799108 0.494099  4.424472e-01 4.800734e-01 2.777111e-01
RCUBE(9.000000e-01) -6.693785e+00 3.342226e+00 -2.643549e+00 0.815021 -0.406504 0.412911 -0.440749 -0.897527 -0.013633 0.376141 -0.170879 -0.910669  2.605656e-01 5.380424e-01 5.721447e-01
RCUBE(9.000000e-01) -3.319549e+00 1.745036e+00 6.445430e-01 0.692816 0.549026 0.467521 -0.665361 0.236730 0.707993 0.278030 -0.801579 0.529311  3.228175e-01 4.806626e-01 3.358676e-01
RCUBE(9.000000e-01) -4.353087e+00 -3.498107e+00 5.672039e+00 0.628091 -0.777926 -0.018235 0.573203 0.446698 0.686949 -0.526250 -0.441919 0.726477  2.864864e-01 4.557799e-01 3.874777e-01
RCUBE(9.000000e-01) 8.609437e-01 5.314017e+00 4.177486e+00 0.970828 0.169513 -0.169584 -0.051197 -0.544402 -0.837261 -0.234248 0.821518 -0.519842  7.412484e-01 2.866220e-01 3.581781e-01
RCUBE(9.000000e-01) -2.653713e+00 5.257417e-01 7.441730e+00 0.515454 -0.822462 0.240550 0.441044 0.013950 -0.897377 0.734702 0.568649 0.369933  2.145542e-01 4.527117e-01 6.083132e-01
RCUBE(9.000000e-01) 2.289434e+00 5.889060e+00 -4.824582e+00 0.267149 0.768210 -0.581795 0.810243 0.147767 0.567161 0.521669 -0.622911 -0.582960  4.969962e-01 4.360308e-01 2.133852e-01
RCUBE(9.000000e-01) 3.303034e+00 -7.183959e+00 2.512791e-01 -0.793328 -0.452131 -0.407687 0.344335 0.219017 -0.912943 0.502060 -0.864644 -0.018067  2.671596e-01 4.871484e-01 6.040704e-01
RCUBE(9.000000e-01) -7.108138e+00 -3.552862e+00 -5.268801e-01 -0.357266 0.787648 -0.501967 -0.893263 -0.445139 -0.062714 -0.272842 0.425983 0.862610  5.687111e-01 2.919652e-01 4.977163e-01
RCUBE(9.000000e-01) -4.648425e+00 -1.162442e+00 -6.355562e+00 0.596705 0.163272 0.785675 -0.798443 0.218648 0.560965 -0.080197 -0.962047 0.260832  3.275870e-01 7.469590e-01 2.792986e-01
RCUBE(9.000000e-01) -2.370782e+00 6.501927e+00 -3.911611e+00 0.269346 -0.825307 0.496308 0.785353 0.486506 0.382796 -0.557381 0.286672 0.779196  4.059980e-01 4.828138e-01 3.936856e-01
RCUBE(9.000000e-01) 1.792766e+00 3.279736e-01 5.516333e+00 0.232303 -0.848260 0.475910 -0.708939 -0.482660 -0.514242 0.665914 -0.217932 -0.713488  3.132064e-01 5.475413e-01 3.200971e-01
RCUBE(9.000000e-01) -6.684563e-01 -5.094726e+00 -2.062729e+00 0.584670 0.686884 0.431685 -0.755904 0.268036 0.597299 0.294568 -0.675535 0.675931  4.233150e-01 3.367123e-01 3.089515e-01
RCUBE(9.000000e-01) 5.131738e+00 -6.053127e+00 5.721616e-01 -0.644571 0.757247 -0.105382 0.685654 0.633522 0.358509 0.338242 0.158829 -0.927559  2.160915e-01 3.584540e-01 6.898718e-01
RCUBE(9.000000e-01) 3.760855e+00 4.748049e+00 -3.276055e+00 -0.409159 0.735441 0.540107 0.714103 -0.110389 0.691282 0.568019 0.668536 -0.480014  3.796328e-01 4.040554e-01 3.498025e-01
RCUBE(9.000000e-01) 4.923986e+00 -1.209122e+00 -6.035490e+00 0.580478 -0.237895 -0.778749 0.433618 -0.719179 0.542915 -0.689217 -0.652830 -0.314312  3.097087e-01 3.580436e-01 4.482381e-01
RCUBE(9.000000e-01) 3.671814e+00 -7.017341e+00 -7.967275e-01 0.851438 0.406185 0.331764 -0.238054 -0.264348 0.934586 0.467315 -0.874720 -0.128382  3.684633e-01 4.467824e-01 6.149898e-01
RCUBE(9.000000e-01) 4.243097e+00 4.692371e+00 2.468207e+00 -0.683687 0.201680 0.701353 0.605209 0.693721 0.390479 -0.407792 0.691431 -0.596347  3.420799e-01 3.542832e-01 3.620598e-01
RCUBE(9.000000e-01) -2.929085e+00 2.463819e-01 3.774538e+00 0.699347 -0.308256 -0.644897 -0.184153 0.794069 -0.579260 0.690653 0.523863 0.498563  3.599935e-01 4.756062e-01 2.558648e-01
RCUBE(9.000000e-01) -6.129167e+00 1.382379e+00 4.843915e+00 -0.223734 0.770522 -0.596857 0.796035 -0.208887 -0.568062 -0.562380 -0.602214 -0.566627  4.781832e-01 4.423199e-01 2.241643e-01
RCUBE(9.000000e-01) -6.245179e+00 4.907505e+00 -3.490552e-01 0.768376 -0.636812 0.063788 -0.584777 -0.739082 -0.334355 0.260066 0.219608 -0.940286  3.348235e-01 2.463726e-01 7.099859e-01
RCUBE(9.000000e-01) -2.506379e+00 -5.066713e+00 7.668154e-01 0.117168 -0.810668 0.573663 -0.664274 -0.493375 -0.561535 0.738249 -0.315275 -0.596313  3.998096e-01 4.994522e-01 2.272045e-01
RCUBE(9.000000e-01) -5.296607e+00 1.104988e+00 -2.280903e+00 0.744946 0.535962 0.397241 -0.211782 0.754642 -0.621018 -0.632617 0.378496 0.675674  3.998345e-01 4.142288e-01 2.910698e-01
RCUBE(9.000000e-01) 6.116747e+00 3.495751e-01 -5.080343e+00 -0.418006 -0.740967 -0.525584 -0.766947 -0.022243 0.641325 -0.486891 0.671173 -0.558985  4.416800e-01 4.076289e-01 2.988147e-01
RCUBE(9.000000e-01) -1.263258e+00 3.556280e+00 4.282971e+00 -0.740460 -0.510451 -0.437217 0.265656 -0.819833 0.507248 -0.617370 0.259448 0.742658  3.566782e-01 4.947836e-01 3.607414e-01
RCUBE(9.000000e-01) -5.374372e+00 -3.260315e-01 -5.843235e+00 -0.186703 -0.961950 0.199484 -0.708001 0.272522 0.651511 -0.681085 -0.019595 -0.731942  2.362527e-01 7.764651e-01 2.770818e-01
RCUBE(9.000000e-01) -3.828432e-01 2.843119e+00 -3.397024e+00 -0.640590 0.248667 0.726504 -0.706377 -0.561847 -0.430535 0.301124 -0.788982 0.535566  3.267112e-01 4.588286e-01 3.603802e-01
RCUBE(9.000000e-01) 1.436842e+00 2.006725e+00 -5.290556e+00 0.707387 -0.689263 -0.156588 0.677690 0.598424 0.427347 -0.200848 -0.408418 0.890424  3.367511e-01 2.795243e-01 6.215493e-01
RCUBE(9.000000e-01) 5.008587e+00 -1.183459e+00 4.485259e+00 0.644248 -0.239358 0.726397 0.669052 -0.283789 -0.686901 0.370558 0.928532 -0.022688  1.637411e-01 6.951383e-01 3.193551e-01
RCUBE(9.000000e-01) 7.617888e-01 -6.608032e+00 -1.332569e+00 0.759012 -0.219000 -0.613140 0.176606 0.975677 -0.129867 0.626667 -0.009714 0.779227  2.020325e-01 8.036316e-01 3.018667e-01
RCUBE(9.000000e-01) -2.737771e-01 6.564419e+00 4.454785e+00 -0.073354 0.819095 0.568949 0.958151 0.216163 -0.187669 -0.276704 0.531373 -0.800673  7.232845e-01 3.587294e-01 2.896854e-01
RCUBE(9.000000e-01) -4.581717e+00 -4.163799e+00 2.846336e+00 0.237288 -0.916183 0.322959 0.458887 0.398737 0.793997 -0.856223 -0.040204 0.515040  4.692889e-01 6.140516e-01 2.801399e-01
RCUBE(9.000000e-01) -2.653878e-01 -2.751182e-01 6.059643e-01 0.686588 -0.228972 -0.690049 -0.277060 0.795096 -0.539499 0.672186 0.561599 0.482465  3.462528e-01 4.752729e-01 3.203356e-01
RCUBE(9.000000e-01) 1.026086e+00 -4.189750e-01 -1.092287e+00 0.654797 -0.284816 -0.700086 0.325805 -0.729431 0.601483 -0.681976 -0.621941 -0.384835  3.197545e-01 3.874587e-01 3.460905e-01
RCUBE(9.000000e-01) 2.403155e+00 6.617435e+00 -3.687284e+00 -0.515060 0.501148 0.695387 -0.813775 -0.031082 -0.580348 -0.269226 -0.864803 0.423831  4.662019e-01 5.611219e-01 2.096357e-01
RCUBE(9.000000e-01) 2.967016e-01 2.252547e+00 3.345134e+00 0.648224 -0.271221 -0.711509 -0.724905 -0.505813 -0.467618 -0.233062 0.818897 -0.524489  3.468910e-01 5.011554e-01 3.230073e-01
RCUBE(9.000000e-01) 3.252154e+00 2.540363e+00 6.677599e+00 -0.934512 0.036068 0.354098 -0.314813 -0.547938 -0.775021 0.166070 -0.835741 0.523409  6.688119e-01 4.325106e-01 2.182463e-01
RCUBE(9.000000e-01) -1.778768e+00 -4.882660e-01 -1.511744e+00 -0.708233 -0.560093 -0.429769 0.248472 -0.767564 0.590854 -0.660808 0.311677 0.682781  3.481268e-01 4.354387e-01 3.084145e-01
RCUBE(9.000000e-01) 3.055313e-01 -2.899495e+00 5.054917e+00 -0.038280 0.694121 -0.718840 -0.769837 0.438154 0.464083 0.637092 0.571154 0.517588  4.456881e-01 3.542777e-01 3.791626e-01
